{
    "camera_angle_x": 0.8569566627292158,
    "frames": [
        {
            "file_path": "./train/r_0",
            "transform_matrix": [
                [
                    -1.0,
                    0.0,
                    0.0,
                    0.0
                ],
                [
                    0.0,
                    -0.17364817766693044,
                    0.9848077530122081,
                    1.9696155060244163
                ],
                [
                    0.0,
                    0.9848077530122081,
                    0.17364817766693044,
                    0.3472963553338609
                ],
                [
                    0.0,
                    0.0,
                    0.0,
                    1.0
                ]
            ]
        },
        {
            "file_path": "./train/r_0",
            "transform_matrix": [
                [
                    0.9685313751920219,
                    -0.0728733105690351,
                    -0.23798415047090807,
                    -0.487517949666779
                ],
                [
                    -0.24889149296159332,
                    -0.28357774249485557,
                    -0.9260867608884551,
                    -1.8971175937074813
                ],
                [
                    0.0,
                    0.9561763145823214,
                    -0.29279148797697246,
                    -0.5997924887685666
                ],
                [
                    0.0,
                    0.0,
                    0.0,
                    1.0
                ]
            ]
        },
        {
            "file_path": "./train/r_0",
            "transform_matrix": [
                [
                    0.9322589817924667,
                    0.26931859526797447,
                    -0.2415795626913795,
                    -0.48828762686520183
                ],
                [
                    -0.36179164012905707,
                    0.693975900915612,
                    -0.6224984000630778,
                    -1.25821184171318
                ],
                [
                    0.0,
                    0.6677311908180191,
                    0.7444024830753524,
                    1.504607914030295
                ],
                [
                    0.0,
                    0.0,
                    0.0,
                    1.0
                ]
            ]
        },
        {
            "file_path": "./train/r_0",
            "transform_matrix": [
                [
                    0.3204434471496055,
                    0.6667461367733597,
                    -0.6728785821206367,
                    -1.2900656301540485
                ],
                [
                    -0.9472676481221545,
                    0.22554811289595103,
                    -0.22762260781872556,
                    -0.4364057807688186
                ],
                [
                    0.0,
                    0.7103362850558006,
                    0.7038624596702998,
                    1.3494689706345095
                ],
                [
                    0.0,
                    0.0,
                    0.0,
                    1.0
                ]
            ]
        },
        {
            "file_path": "./train/r_0",
            "transform_matrix": [
                [
                    -0.3670669253821069,
                    0.15064119203618656,
                    0.9179156298660807,
                    1.7738077640013712
                ],
                [
                    0.9301945346488157,
                    0.05944498396509572,
                    0.36222150901190664,
                    0.6999677356701638
                ],
                [
                    0.0,
                    0.9867996377904211,
                    -0.16194590101849976,
                    -0.3129491286870476
                ],
                [
                    0.0,
                    0.0,
                    0.0,
                    1.0
                ]
            ]
        },
        {
            "file_path": "./train/r_0",
            "transform_matrix": [
                [
                    0.014348575082898319,
                    0.23688651918719775,
                    -0.9714313642355099,
                    -1.9823681400798978
                ],
                [
                    -0.9998970538975952,
                    0.003399333954865366,
                    -0.013940090945645581,
                    -0.028447086616573854
                ],
                [
                    0.0,
                    0.9715313796044042,
                    0.23691090824181843,
                    0.4834563241692021
                ],
                [
                    0.0,
                    0.0,
                    0.0,
                    1.0
                ]
            ]
        },
        {
            "file_path": "./train/r_0",
            "transform_matrix": [
                [
                    0.7994775638287295,
                    0.41937891087830653,
                    -0.4300662205347047,
                    -0.8635660475470917
                ],
                [
                    -0.6006959504894968,
                    0.5581592979225467,
                    -0.5723832398036562,
                    -1.1493363311931057
                ],
                [
                    0.0,
                    0.7159465952521424,
                    0.698155049216766,
                    1.4018840997964774
                ],
                [
                    0.0,
                    0.0,
                    0.0,
                    1.0
                ]
            ]
        },
        {
            "file_path": "./train/r_0",
            "transform_matrix": [
                [
                    -0.9963723342507491,
                    -0.03336950938942525,
                    0.07828567801854024,
                    0.1625045139955505
                ],
                [
                    0.08510094911170787,
                    -0.39069430259232824,
                    0.916578305646703,
                    1.9026227512867362
                ],
                [
                    0.0,
                    0.9199154514220333,
                    0.39211677117281873,
                    0.8139515035413315
                ],
                [
                    0.0,
                    0.0,
                    0.0,
                    1.0
                ]
            ]
        },
        {
            "file_path": "./train/r_0",
            "transform_matrix": [
                [
                    -0.17672226124415724,
                    0.7425615073235619,
                    -0.6460430714914538,
                    -1.2812434382625777
                ],
                [
                    -0.9842607593421329,
                    -0.13332559226967478,
                    0.11599587951814755,
                    0.23004497077109987
                ],
                [
                    0.0,
                    0.656373898237354,
                    0.7544357532041411,
                    1.4962096198198733
                ],
                [
                    0.0,
                    0.0,
                    0.0,
                    1.0
                ]
            ]
        },
        {
            "file_path": "./train/r_0",
            "transform_matrix": [
                [
                    0.7923594100478666,
                    -0.024665330514080576,
                    -0.6095557290184616,
                    -1.2749643651361098
                ],
                [
                    -0.610054559288427,
                    -0.03203616207305884,
                    -0.7917115124911548,
                    -1.6559666620140367
                ],
                [
                    0.0,
                    0.9991823185936888,
                    -0.04043135181687756,
                    -0.08456738300828727
                ],
                [
                    0.0,
                    0.0,
                    0.0,
                    1.0
                ]
            ]
        },
        {
            "file_path": "./train/r_0",
            "transform_matrix": [
                [
                    -0.9099703699030103,
                    -0.17300135572314446,
                    -0.37686132305734527,
                    -0.7398869291117369
                ],
                [
                    -0.41467327608441173,
                    0.3796389030603121,
                    0.826994786794079,
                    1.623628098071978
                ],
                [
                    0.0,
                    0.9088150715085644,
                    -0.41719919199212624,
                    -0.8190817420231308
                ],
                [
                    0.0,
                    0.0,
                    0.0,
                    1.0
                ]
            ]
        },
        {
            "file_path": "./train/r_0",
            "transform_matrix": [
                [
                    0.827773882623303,
                    0.4272127769673948,
                    -0.36370268412887635,
                    -0.6992477478938264
                ],
                [
                    -0.5610618497516492,
                    0.6302969614724622,
                    -0.5365960688561178,
                    -1.0316492262767183
                ],
                [
                    0.0,
                    0.648239912034417,
                    0.7614361538865957,
                    1.4639224262130386
                ],
                [
                    0.0,
                    0.0,
                    0.0,
                    1.0
                ]
            ]
        },
        {
            "file_path": "./train/r_0",
            "transform_matrix": [
                [
                    0.6225187340126134,
                    0.24247741038147913,
                    0.7440934963148279,
                    1.4494494454313416
                ],
                [
                    0.7826048976356671,
                    -0.1928773139464901,
                    -0.5918850529971627,
                    -1.1529565384923814
                ],
                [
                    -0.0,
                    0.9507907483876139,
                    -0.30983375022828147,
                    -0.6035375388555807
                ],
                [
                    0.0,
                    0.0,
                    0.0,
                    1.0
                ]
            ]
        },
        {
            "file_path": "./train/r_0",
            "transform_matrix": [
                [
                    -0.23048028362069162,
                    -0.43654609169564257,
                    -0.8696587541601506,
                    -1.6576697153302749
                ],
                [
                    -0.9730769953411321,
                    0.10339908096608882,
                    0.20598492952942615,
                    0.3926309921701662
                ],
                [
                    0.0,
                    0.8937203924498018,
                    -0.4486244087422932,
                    -0.8551297763319019
                ],
                [
                    0.0,
                    0.0,
                    0.0,
                    1.0
                ]
            ]
        },
        {
            "file_path": "./train/r_0",
            "transform_matrix": [
                [
                    0.8755426822636909,
                    0.27580099487147103,
                    -0.39668479018284575,
                    -0.8045192117837913
                ],
                [
                    -0.4831407781739206,
                    0.49980368813711695,
                    -0.7188680419868684,
                    -1.4579413298131607
                ],
                [
                    0.0,
                    0.8210542518935289,
                    0.5708501690002007,
                    1.1577452409985185
                ],
                [
                    0.0,
                    0.0,
                    0.0,
                    1.0
                ]
            ]
        },
        {
            "file_path": "./train/r_0",
            "transform_matrix": [
                [
                    0.9175127131234578,
                    0.18152658856502094,
                    0.35386228804547254,
                    0.7259687433398181
                ],
                [
                    0.3977064511129174,
                    -0.41878363378885713,
                    -0.8163637956289886,
                    -1.6748170654024108
                ],
                [
                    -0.0,
                    0.8897574757845792,
                    -0.45643360337014405,
                    -0.9363996691676507
                ],
                [
                    0.0,
                    0.0,
                    0.0,
                    1.0
                ]
            ]
        },
        {
            "file_path": "./train/r_0",
            "transform_matrix": [
                [
                    -0.9962426743792154,
                    -0.02568255617977884,
                    0.08270997553996172,
                    0.16067470376157478
                ],
                [
                    0.08660562190613587,
                    -0.29543184253289895,
                    0.9514302353151638,
                    1.8482748932165878
                ],
                [
                    0.0,
                    0.9550185509851047,
                    0.2965460626518435,
                    0.5760786465862907
                ],
                [
                    0.0,
                    0.0,
                    0.0,
                    1.0
                ]
            ]
        },
        {
            "file_path": "./train/r_0",
            "transform_matrix": [
                [
                    0.014320928117098449,
                    0.49247679417714146,
                    -0.8702077442857369,
                    -1.751745373461138
                ],
                [
                    -0.9998974502507069,
                    0.007053448098084042,
                    -0.012463460677626242,
                    -0.025089192463193803
                ],
                [
                    0.0,
                    0.8702969930241821,
                    0.49252730272855627,
                    0.9914671864546668
                ],
                [
                    0.0,
                    0.0,
                    0.0,
                    1.0
                ]
            ]
        },
        {
            "file_path": "./train/r_0",
            "transform_matrix": [
                [
                    0.5221303140920033,
                    -0.03635326177777789,
                    0.8520905911135871,
                    1.6931909555680968
                ],
                [
                    0.8528657192701474,
                    0.022255719231561305,
                    -0.5216557752534711,
                    -1.0365832574500269
                ],
                [
                    -0.0,
                    0.999091148654417,
                    0.04262483642663904,
                    0.08469989960320307
                ],
                [
                    0.0,
                    0.0,
                    0.0,
                    1.0
                ]
            ]
        },
        {
            "file_path": "./train/r_0",
            "transform_matrix": [
                [
                    -0.2783458979110392,
                    0.5583468003332993,
                    -0.7815192970577657,
                    -1.5097330673029377
                ],
                [
                    -0.9604809009637294,
                    -0.16180804983065122,
                    0.22648309847294157,
                    0.43751833670276447
                ],
                [
                    0.0,
                    0.8136749999647085,
                    0.5813200447536896,
                    1.1229896658403284
                ],
                [
                    0.0,
                    0.0,
                    0.0,
                    1.0
                ]
            ]
        },
        {
            "file_path": "./train/r_0",
            "transform_matrix": [
                [
                    -0.8768837414744574,
                    -0.1858360096206439,
                    -0.44332818708721095,
                    -0.8510394122730477
                ],
                [
                    -0.4807025108502734,
                    0.33899672196135106,
                    0.8087065713605284,
                    1.5524417017423384
                ],
                [
                    0.0,
                    0.9222506167131224,
                    -0.3865925503320849,
                    -0.7421262766651798
                ],
                [
                    0.0,
                    0.0,
                    0.0,
                    1.0
                ]
            ]
        },
        {
            "file_path": "./train/r_0",
            "transform_matrix": [
                [
                    0.33217302595835113,
                    0.6738259578712915,
                    -0.6600148932596211,
                    -1.2646580342528624
                ],
                [
                    -0.9432184692984297,
                    0.23730112872140297,
                    -0.23243728935322652,
                    -0.4453743217653221
                ],
                [
                    0.0,
                    0.6997476350845244,
                    0.7143901225476282,
                    1.3688466992143515
                ],
                [
                    0.0,
                    0.0,
                    0.0,
                    1.0
                ]
            ]
        },
        {
            "file_path": "./train/r_0",
            "transform_matrix": [
                [
                    -0.3086525651688279,
                    -0.8508741615750455,
                    0.4251432172558629,
                    0.8266186140145455
                ],
                [
                    0.9511748493388071,
                    -0.2761053793512018,
                    0.13795733209447955,
                    0.268234547842855
                ],
                [
                    0.0,
                    0.44696642005557013,
                    0.8945507360360884,
                    1.7393016272509887
                ],
                [
                    0.0,
                    0.0,
                    0.0,
                    1.0
                ]
            ]
        },
        {
            "file_path": "./train/r_0",
            "transform_matrix": [
                [
                    -0.8881799641652716,
                    -0.06690712645164366,
                    -0.4545984906325149,
                    -0.9352806101501228
                ],
                [
                    -0.4594957576032417,
                    0.12932778636344677,
                    0.87871381713215,
                    1.8078458507224942
                ],
                [
                    0.0,
                    0.9893420844704396,
                    -0.14560988941581393,
                    -0.29957447950878374
                ],
                [
                    0.0,
                    0.0,
                    0.0,
                    1.0
                ]
            ]
        },
        {
            "file_path": "./train/r_0",
            "transform_matrix": [
                [
                    -0.8305593238567395,
                    0.4163904079046887,
                    -0.3698516429051016,
                    -0.7435843048711461
                ],
                [
                    -0.5569301657790103,
                    -0.620970019043605,
                    0.5515659760122525,
                    1.1089197810292837
                ],
                [
                    0.0,
                    0.6640898008958966,
                    0.7476528180553111,
                    1.5031510922374318
                ],
                [
                    0.0,
                    0.0,
                    0.0,
                    1.0
                ]
            ]
        },
        {
            "file_path": "./train/r_0",
            "transform_matrix": [
                [
                    -0.4687898208094986,
                    0.0898509618686485,
                    -0.8787280060158985,
                    -1.7936674237696568
                ],
                [
                    -0.883309744033993,
                    -0.04768566926659403,
                    0.4663582025023242,
                    0.9519345120554373
                ],
                [
                    0.0,
                    0.9948129882535087,
                    0.1017207864800716,
                    0.20763337435524082
                ],
                [
                    0.0,
                    0.0,
                    0.0,
                    1.0
                ]
            ]
        },
        {
            "file_path": "./train/r_0",
            "transform_matrix": [
                [
                    0.9465333972604496,
                    0.3043150201710586,
                    -0.1070835952369926,
                    -0.20586208957232408
                ],
                [
                    -0.32260583979616964,
                    0.8928676866540541,
                    -0.3141858785153242,
                    -0.6040043885539744
                ],
                [
                    0.0,
                    0.3319332201321918,
                    0.9433028873976131,
                    1.8134458697385545
                ],
                [
                    0.0,
                    0.0,
                    0.0,
                    1.0
                ]
            ]
        },
        {
            "file_path": "./train/r_0",
            "transform_matrix": [
                [
                    -0.9121763915030943,
                    0.04319553355589708,
                    -0.40751487907218215,
                    -0.8153998509732511
                ],
                [
                    -0.4097977925567607,
                    -0.09614972711843364,
                    0.9070948126798306,
                    1.815013421747311
                ],
                [
                    0.0,
                    0.9944291708592786,
                    0.1054069454264181,
                    0.21090961828911042
                ],
                [
                    0.0,
                    0.0,
                    0.0,
                    1.0
                ]
            ]
        },
        {
            "file_path": "./train/r_0",
            "transform_matrix": [
                [
                    -0.2556522455663895,
                    0.6909541376338799,
                    -0.6761836355780018,
                    -1.3424671507755694
                ],
                [
                    -0.9667688086284448,
                    -0.18271584198097415,
                    0.1788099319174447,
                    0.35500187700696695
                ],
                [
                    0.0,
                    0.6994264084060633,
                    0.7147046237601902,
                    1.4189451347566477
                ],
                [
                    0.0,
                    0.0,
                    0.0,
                    1.0
                ]
            ]
        },
        {
            "file_path": "./train/r_0",
            "transform_matrix": [
                [
                    0.3289056138603523,
                    0.7840487374697382,
                    -0.5263921299214629,
                    -1.0862528283478279
                ],
                [
                    -0.9443627995485343,
                    0.2730709335619749,
                    -0.1833334886823643,
                    -0.37832351452861795
                ],
                [
                    0.0,
                    0.5574045591091813,
                    0.8302410237300366,
                    1.7132696500833013
                ],
                [
                    0.0,
                    0.0,
                    0.0,
                    1.0
                ]
            ]
        },
        {
            "file_path": "./train/r_0",
            "transform_matrix": [
                [
                    -0.7743223187408894,
                    -0.13427045540457466,
                    0.6183820756661537,
                    1.2296969277985972
                ],
                [
                    0.6327913927193799,
                    -0.1643015558736776,
                    0.7566901955475281,
                    1.5047325033762209
                ],
                [
                    0.0,
                    0.9772289616783454,
                    0.21218755019336802,
                    0.4219500998776714
                ],
                [
                    0.0,
                    0.0,
                    0.0,
                    1.0
                ]
            ]
        },
        {
            "file_path": "./train/r_0",
            "transform_matrix": [
                [
                    -0.5941556095877505,
                    -0.027330347691497135,
                    0.8038856658073152,
                    1.6563186271561892
                ],
                [
                    0.8043501175454684,
                    -0.02018832227244465,
                    0.5938125293797826,
                    1.2234858702981437
                ],
                [
                    0.0,
                    0.9994225751597199,
                    0.03397817330455254,
                    0.07000831555387017
                ],
                [
                    0.0,
                    0.0,
                    0.0,
                    1.0
                ]
            ]
        },
        {
            "file_path": "./train/r_0",
            "transform_matrix": [
                [
                    0.7095778447724628,
                    -0.038772585225663424,
                    -0.7035594991491376,
                    -1.4024609799321652
                ],
                [
                    -0.7046270518565596,
                    -0.03904500599032283,
                    -0.7085027913135904,
                    -1.4123148364736997
                ],
                [
                    0.0,
                    0.9984849393667059,
                    -0.05502568362015759,
                    -0.10968706166954197
                ],
                [
                    0.0,
                    0.0,
                    0.0,
                    1.0
                ]
            ]
        }
    ]
}