{
    "camera_angle_x": 0.8569566627292158,
    "frames": [
        {
            "file_path": "./train/r_0",
            "transform_matrix": [
                [
                    -1.0,
                    0.0,
                    0.0,
                    0.0
                ],
                [
                    0.0,
                    -0.2588190451025208,
                    0.9659258262890683,
                    1.9318516525781364
                ],
                [
                    0.0,
                    0.9659258262890683,
                    0.2588190451025208,
                    0.5176380902050415
                ],
                [
                    0.0,
                    0.0,
                    0.0,
                    1.0
                ]
            ]
        },
        {
            "file_path": "./train/r_0",
            "transform_matrix": [
                [
                    0.1218813334354735,
                    -0.5892820218475003,
                    0.798681187513086,
                    1.5984832460957097
                ],
                [
                    0.9925446793772011,
                    0.07236196020655929,
                    -0.09807551251496677,
                    -0.19628866443640358
                ],
                [
                    -0.0,
                    0.8046803374274698,
                    0.5937083076373562,
                    1.1882498269193322
                ],
                [
                    0.0,
                    0.0,
                    0.0,
                    1.0
                ]
            ]
        },
        {
            "file_path": "./train/r_0",
            "transform_matrix": [
                [
                    0.9282251400732813,
                    0.0272500678138095,
                    0.3710195724487862,
                    0.73546725293019
                ],
                [
                    0.3720189367974933,
                    -0.06799169480786003,
                    -0.9257316242309201,
                    -1.835065708609479
                ],
                [
                    -0.0,
                    0.9973136734454701,
                    -0.07324914169259866,
                    -0.1452008169396133
                ],
                [
                    0.0,
                    0.0,
                    0.0,
                    1.0
                ]
            ]
        },
        {
            "file_path": "./train/r_0",
            "transform_matrix": [
                [
                    -0.4216069414946594,
                    -0.4277654516825814,
                    -0.7995400585526131,
                    -1.6726605036777196
                ],
                [
                    -0.906778686826901,
                    0.19888963688821487,
                    0.37174631868379704,
                    0.7777038536075558
                ],
                [
                    0.0,
                    0.8817367127920166,
                    -0.4717418460500709,
                    -0.9868973360113952
                ],
                [
                    0.0,
                    0.0,
                    0.0,
                    1.0
                ]
            ]
        },
        {
            "file_path": "./train/r_0",
            "transform_matrix": [
                [
                    -0.987586026041615,
                    0.027305016283885243,
                    0.15468767647445986,
                    0.30421407966926944
                ],
                [
                    0.15707909207571324,
                    0.17167181301128215,
                    0.9725507428664527,
                    1.9126515823103183
                ],
                [
                    0.0,
                    0.9847757230472105,
                    -0.17382973076215663,
                    -0.34185949888320627
                ],
                [
                    0.0,
                    0.0,
                    0.0,
                    1.0
                ]
            ]
        },
        {
            "file_path": "./train/r_0",
            "transform_matrix": [
                [
                    0.798371273900454,
                    -0.28915067064691086,
                    -0.528199960881301,
                    -1.0702607996583076
                ],
                [
                    -0.6021655162914646,
                    -0.38336567443328534,
                    -0.7003052553392314,
                    -1.4189877283097974
                ],
                [
                    0.0,
                    0.877167400973585,
                    -0.480184704743129,
                    -0.9729702842548302
                ],
                [
                    0.0,
                    0.0,
                    0.0,
                    1.0
                ]
            ]
        },
        {
            "file_path": "./train/r_0",
            "transform_matrix": [
                [
                    -0.8144224230654817,
                    -0.36685514114393936,
                    0.44959250685972274,
                    0.8652748472429631
                ],
                [
                    0.5802724504990303,
                    -0.5148875372379508,
                    0.6310108613874156,
                    1.214428217474726
                ],
                [
                    0.0,
                    0.7747955403932694,
                    0.6322118874133116,
                    1.2167396830690942
                ],
                [
                    0.0,
                    0.0,
                    0.0,
                    1.0
                ]
            ]
        },
        {
            "file_path": "./train/r_0",
            "transform_matrix": [
                [
                    -0.9310700453305434,
                    -0.21385966280703886,
                    0.29558859130933895,
                    0.6073247328574038
                ],
                [
                    0.36484047293053956,
                    -0.5457681938210668,
                    0.7543397828068665,
                    1.54988798805652
                ],
                [
                    0.0,
                    0.8101858572187928,
                    0.5861730774802353,
                    1.2043678888686482
                ],
                [
                    0.0,
                    0.0,
                    0.0,
                    1.0
                ]
            ]
        },
        {
            "file_path": "./train/r_0",
            "transform_matrix": [
                [
                    0.40858889775875806,
                    -0.1312508671485691,
                    -0.9032321531594365,
                    -1.8105993175695476
                ],
                [
                    -0.9127185286978035,
                    -0.058755953179373745,
                    -0.40434221315328933,
                    -0.8105355114286739
                ],
                [
                    0.0,
                    0.9896064610938694,
                    -0.14380212850047835,
                    -0.2882625854463519
                ],
                [
                    0.0,
                    0.0,
                    0.0,
                    1.0
                ]
            ]
        },
        {
            "file_path": "./train/r_0",
            "transform_matrix": [
                [
                    0.9586182003991836,
                    -0.09406753346984843,
                    0.2687051265054867,
                    0.5503757645328085
                ],
                [
                    0.284694829358439,
                    0.31674214053716915,
                    -0.9047780228014501,
                    -1.853213232318673
                ],
                [
                    -0.0,
                    0.943835640116875,
                    0.3304153211416941,
                    0.6767737830375933
                ],
                [
                    0.0,
                    0.0,
                    0.0,
                    1.0
                ]
            ]
        },
        {
            "file_path": "./train/r_0",
            "transform_matrix": [
                [
                    0.1814413795370639,
                    0.09072486928676006,
                    0.9792078553017165,
                    1.8665113492117715
                ],
                [
                    0.9834017621459131,
                    -0.016739084751880982,
                    -0.18066758771285518,
                    -0.3443784698774222
                ],
                [
                    -0.0,
                    0.9957353067630823,
                    -0.09225615895662659,
                    -0.17585353997611755
                ],
                [
                    0.0,
                    0.0,
                    0.0,
                    1.0
                ]
            ]
        },
        {
            "file_path": "./train/r_0",
            "transform_matrix": [
                [
                    0.558859038990091,
                    -0.2845757181416743,
                    -0.7789051515962788,
                    -1.617089301921305
                ],
                [
                    -0.8292626692062485,
                    -0.19178207131016572,
                    -0.5249219585661382,
                    -1.0897933872966004
                ],
                [
                    0.0,
                    0.9392743463802963,
                    -0.34316716368537814,
                    -0.7124512503595997
                ],
                [
                    0.0,
                    0.0,
                    0.0,
                    1.0
                ]
            ]
        },
        {
            "file_path": "./train/r_0",
            "transform_matrix": [
                [
                    0.04561169541435091,
                    -0.02408946337435206,
                    -0.9986687493837806,
                    -1.954259111408526
                ],
                [
                    -0.9989592450352659,
                    -0.0010999059987550533,
                    -0.045598431610806775,
                    -0.0892299378511072
                ],
                [
                    0.0,
                    0.9997092016987389,
                    -0.02411456072314706,
                    -0.047188920290039155
                ],
                [
                    0.0,
                    0.0,
                    0.0,
                    1.0
                ]
            ]
        },
        {
            "file_path": "./train/r_0",
            "transform_matrix": [
                [
                    0.5635789372703777,
                    -0.23450209889537207,
                    0.7920779930529928,
                    1.65983888915057
                ],
                [
                    0.8260622140403178,
                    0.15998848686798356,
                    -0.5403932851215875,
                    -1.1324210468509164
                ],
                [
                    -0.0,
                    0.9588599739708391,
                    0.28387946441516654,
                    0.594883558185165
                ],
                [
                    0.0,
                    0.0,
                    0.0,
                    1.0
                ]
            ]
        },
        {
            "file_path": "./train/r_0",
            "transform_matrix": [
                [
                    -0.7637471090484248,
                    -0.22325376485628975,
                    -0.6056798741065003,
                    -1.17465063121486
                ],
                [
                    -0.6455155717875236,
                    0.2641445457636344,
                    0.7166151725460115,
                    1.3897976484873333
                ],
                [
                    0.0,
                    0.9382885565863073,
                    -0.34585341487281024,
                    -0.6707453053272938
                ],
                [
                    0.0,
                    0.0,
                    0.0,
                    1.0
                ]
            ]
        },
        {
            "file_path": "./train/r_0",
            "transform_matrix": [
                [
                    -0.742448225005334,
                    -0.06716795210084092,
                    0.6665276433854849,
                    1.2869078605401998
                ],
                [
                    0.669903450645262,
                    -0.07444166284929309,
                    0.738706846892462,
                    1.4262688987243852
                ],
                [
                    0.0,
                    0.9949607555289863,
                    0.10026512333403219,
                    0.19358833296276845
                ],
                [
                    0.0,
                    0.0,
                    0.0,
                    1.0
                ]
            ]
        },
        {
            "file_path": "./train/r_0",
            "transform_matrix": [
                [
                    -0.22918545164851503,
                    0.14688229354963822,
                    0.9622367799010098,
                    2.0009947465259064
                ],
                [
                    0.9733827760715031,
                    0.03458380979598385,
                    0.22656109848632233,
                    0.47113930511459734
                ],
                [
                    0.0,
                    0.9885492157407203,
                    -0.1508988007189152,
                    -0.3137977198571353
                ],
                [
                    0.0,
                    0.0,
                    0.0,
                    1.0
                ]
            ]
        },
        {
            "file_path": "./train/r_0",
            "transform_matrix": [
                [
                    0.7709500456580518,
                    -0.02586881544988102,
                    -0.6363700428894086,
                    -1.238045777656552
                ],
                [
                    -0.6368956171146476,
                    -0.03131370968221854,
                    -0.7703138480425299,
                    -1.4986308951773846
                ],
                [
                    0.0,
                    0.9991747874987428,
                    -0.04061704108920626,
                    -0.07901967853966593
                ],
                [
                    0.0,
                    0.0,
                    0.0,
                    1.0
                ]
            ]
        },
        {
            "file_path": "./train/r_0",
            "transform_matrix": [
                [
                    0.7296545737320117,
                    0.6092620808348183,
                    -0.31048980641686724,
                    -0.6308099344926991
                ],
                [
                    -0.6838159131169413,
                    0.6501031276915954,
                    -0.3313030641778748,
                    -0.6730954121266199
                ],
                [
                    0.0,
                    0.454054666557269,
                    0.8909738266512476,
                    1.8101564998561916
                ],
                [
                    0.0,
                    0.0,
                    0.0,
                    1.0
                ]
            ]
        },
        {
            "file_path": "./train/r_0",
            "transform_matrix": [
                [
                    -0.7135200642117955,
                    0.38049675736887567,
                    -0.5883122772804985,
                    -1.1660193612005931
                ],
                [
                    -0.7006347964290635,
                    -0.3874944152559052,
                    0.5991318387285798,
                    1.1874634456016182
                ],
                [
                    0.0,
                    0.8396846406700882,
                    0.5430743081961666,
                    1.076358903904756
                ],
                [
                    0.0,
                    0.0,
                    0.0,
                    1.0
                ]
            ]
        },
        {
            "file_path": "./train/r_0",
            "transform_matrix": [
                [
                    -0.3171071042746654,
                    -0.621739287019924,
                    0.7161587417566675,
                    1.4891860429052155
                ],
                [
                    0.9483897323455883,
                    -0.20788705127908302,
                    0.23945748994748817,
                    0.4979297620862915
                ],
                [
                    0.0,
                    0.7551312686456869,
                    0.6555736168528714,
                    1.363204864216961
                ],
                [
                    0.0,
                    0.0,
                    0.0,
                    1.0
                ]
            ]
        },
        {
            "file_path": "./train/r_0",
            "transform_matrix": [
                [
                    -0.9853500820191691,
                    0.10949492983781016,
                    -0.13075196443889395,
                    -0.2715368479539275
                ],
                [
                    -0.17054388251947578,
                    -0.6326280163350244,
                    0.7554446221154767,
                    1.5688563638280866
                ],
                [
                    0.0,
                    0.7666763680248826,
                    0.6420337582340783,
                    1.3333323421872583
                ],
                [
                    0.0,
                    0.0,
                    0.0,
                    1.0
                ]
            ]
        },
        {
            "file_path": "./train/r_0",
            "transform_matrix": [
                [
                    0.5121983413775291,
                    0.47758032309295945,
                    -0.7138416449637361,
                    -1.4731567086336208
                ],
                [
                    -0.858867195257863,
                    0.284812192983242,
                    -0.42571017798258987,
                    -0.8785391116548323
                ],
                [
                    0.0,
                    0.8311432185384785,
                    0.5560584054553074,
                    1.147539060193405
                ],
                [
                    0.0,
                    0.0,
                    0.0,
                    1.0
                ]
            ]
        },
        {
            "file_path": "./train/r_0",
            "transform_matrix": [
                [
                    -0.816028749375351,
                    0.19950767851471707,
                    0.5424884942619235,
                    1.0699236989253622
                ],
                [
                    0.5780113149350112,
                    0.281662308647797,
                    0.7658780997615041,
                    1.510504163848901
                ],
                [
                    0.0,
                    0.9385430358277992,
                    -0.34516223706995897,
                    -0.6807467095089019
                ],
                [
                    0.0,
                    0.0,
                    0.0,
                    1.0
                ]
            ]
        },
        {
            "file_path": "./train/r_0",
            "transform_matrix": [
                [
                    0.6651446407336375,
                    0.7019186671776456,
                    -0.2547406358845757,
                    -0.5277702922043336
                ],
                [
                    -0.7467145417783962,
                    0.6252421957555299,
                    -0.22691317666341804,
                    -0.4701175104506244
                ],
                [
                    0.0,
                    0.3411486205664059,
                    0.9400093715945806,
                    1.9475064078354325
                ],
                [
                    0.0,
                    0.0,
                    0.0,
                    1.0
                ]
            ]
        },
        {
            "file_path": "./train/r_0",
            "transform_matrix": [
                [
                    0.7525736909664131,
                    -0.20789252122973856,
                    -0.6248308085249418,
                    -1.290186804031119
                ],
                [
                    -0.6585080406989651,
                    -0.23758926597177332,
                    -0.714085779882084,
                    -1.4744856328789027
                ],
                [
                    0.0,
                    0.9488582825225992,
                    -0.31570232765734135,
                    -0.6518804316115142
                ],
                [
                    0.0,
                    0.0,
                    0.0,
                    1.0
                ]
            ]
        },
        {
            "file_path": "./train/r_0",
            "transform_matrix": [
                [
                    0.8274391326991277,
                    -0.3793653604281833,
                    0.41403671936835496,
                    0.7928002878783995
                ],
                [
                    0.5615554128295046,
                    0.558986232947402,
                    -0.6100736920218388,
                    -1.1681731982608274
                ],
                [
                    -0.0,
                    0.7373034074805753,
                    0.6755617553692131,
                    1.2935701812955775
                ],
                [
                    0.0,
                    0.0,
                    0.0,
                    1.0
                ]
            ]
        },
        {
            "file_path": "./train/r_0",
            "transform_matrix": [
                [
                    -0.6059374765620734,
                    -0.12970125940468064,
                    -0.7848677326826644,
                    -1.5167677066153373
                ],
                [
                    -0.7955122717454374,
                    0.0987927611200246,
                    0.59782958763572,
                    1.1553139144677338
                ],
                [
                    0.0,
                    0.9866192647922103,
                    -0.16304117989292918,
                    -0.3150793263787323
                ],
                [
                    0.0,
                    0.0,
                    0.0,
                    1.0
                ]
            ]
        },
        {
            "file_path": "./train/r_0",
            "transform_matrix": [
                [
                    -0.16549016511403292,
                    -0.6671325530195177,
                    0.7263244192178799,
                    1.436782046706767
                ],
                [
                    0.9862114404378658,
                    -0.11194747071999929,
                    0.12188009906816118,
                    0.24109768797329362
                ],
                [
                    0.0,
                    0.7364794094209663,
                    0.6764599614899205,
                    1.3381424364490688
                ],
                [
                    0.0,
                    0.0,
                    0.0,
                    1.0
                ]
            ]
        },
        {
            "file_path": "./train/r_0",
            "transform_matrix": [
                [
                    0.8388433508916767,
                    -0.42366904973339414,
                    0.3418279815387064,
                    0.6978053318779246
                ],
                [
                    0.5443728801702225,
                    0.652846565825108,
                    -0.5267347803454216,
                    -1.0752728215989031
                ],
                [
                    -0.0,
                    0.6279298510091441,
                    0.7782699417372061,
                    1.588755000512002
                ],
                [
                    0.0,
                    0.0,
                    0.0,
                    1.0
                ]
            ]
        },
        {
            "file_path": "./train/r_0",
            "transform_matrix": [
                [
                    0.7158314577572501,
                    0.09205673718636745,
                    0.6921783594014843,
                    1.3168955106187776
                ],
                [
                    0.6982731013615877,
                    -0.09437154065937572,
                    -0.7095834610730761,
                    -1.3500093749022577
                ],
                [
                    -0.0,
                    0.9912716930550252,
                    -0.13183486089735194,
                    -0.25082080955101516
                ],
                [
                    0.0,
                    0.0,
                    0.0,
                    1.0
                ]
            ]
        },
        {
            "file_path": "./train/r_0",
            "transform_matrix": [
                [
                    -0.5935266187996286,
                    0.6636556537522472,
                    -0.45528817908985714,
                    -0.9495525821857975
                ],
                [
                    -0.8048143592011021,
                    -0.48942627789323984,
                    0.33576147148130137,
                    0.7002667472740354
                ],
                [
                    0.0,
                    0.5657058349975247,
                    0.8246071235744653,
                    1.7198070572449446
                ],
                [
                    0.0,
                    0.0,
                    0.0,
                    1.0
                ]
            ]
        },
        {
            "file_path": "./train/r_0",
            "transform_matrix": [
                [
                    -0.5368183125913921,
                    0.5266366949287872,
                    -0.6591508862324422,
                    -1.2884158119818354
                ],
                [
                    -0.8436978720291585,
                    -0.3350822981696566,
                    0.41939689339194086,
                    0.8197782939059657
                ],
                [
                    0.0,
                    0.7812641326771791,
                    0.6242005727265677,
                    1.2200998353287882
                ],
                [
                    0.0,
                    0.0,
                    0.0,
                    1.0
                ]
            ]
        }
    ]
}