{
    "camera_angle_x": 0.8569566627292158,
    "frames": [
        {
            "file_path": "./train/r_0",
            "transform_matrix": [
                [
                    -1.0,
                    0.0,
                    0.0,
                    0.0
                ],
                [
                    0.0,
                    -0.2588190451025208,
                    0.9659258262890683,
                    1.9318516525781364
                ],
                [
                    0.0,
                    0.9659258262890683,
                    0.2588190451025208,
                    0.5176380902050415
                ],
                [
                    0.0,
                    0.0,
                    0.0,
                    1.0
                ]
            ]
        },
        {
            "file_path": "./train/r_0",
            "transform_matrix": [
                [
                    0.12932951859182917,
                    0.30715244908072453,
                    0.9428315059672744,
                    1.8276540066233924
                ],
                [
                    0.9916016718525669,
                    -0.040060318070760215,
                    -0.12296867607347739,
                    -0.23837153520267054
                ],
                [
                    -0.0,
                    0.9508167772708801,
                    -0.30975386367278385,
                    -0.6004496948029329
                ],
                [
                    0.0,
                    0.0,
                    0.0,
                    1.0
                ]
            ]
        },
        {
            "file_path": "./train/r_0",
            "transform_matrix": [
                [
                    -0.8609038190458835,
                    -0.40128465580768474,
                    0.3127542795319044,
                    0.6043168500746166
                ],
                [
                    0.5087677410687637,
                    -0.6790279037417513,
                    0.529222535034054,
                    1.022585832682932
                ],
                [
                    0.0,
                    0.6147289898429966,
                    0.7887384034308265,
                    1.5240332065402669
                ],
                [
                    0.0,
                    0.0,
                    0.0,
                    1.0
                ]
            ]
        },
        {
            "file_path": "./train/r_0",
            "transform_matrix": [
                [
                    -0.8926998306462326,
                    0.056170303786354556,
                    0.4471374613435294,
                    0.8807322463447846
                ],
                [
                    0.4506517639643582,
                    0.1112682223549267,
                    0.8857383193301434,
                    1.74464983835911
                ],
                [
                    0.0,
                    0.9922017333519043,
                    -0.12464236973628495,
                    -0.2455096335648685
                ],
                [
                    0.0,
                    0.0,
                    0.0,
                    1.0
                ]
            ]
        },
        {
            "file_path": "./train/r_0",
            "transform_matrix": [
                [
                    -0.5679929760924691,
                    -0.14490411252994242,
                    0.8101770036735982,
                    1.64167584592405
                ],
                [
                    0.8230334009684054,
                    -0.10000143132353816,
                    0.5591205009867048,
                    1.1329556594038135
                ],
                [
                    0.0,
                    0.9843792520696246,
                    0.1760610351407901,
                    0.35675555772188533
                ],
                [
                    0.0,
                    0.0,
                    0.0,
                    1.0
                ]
            ]
        },
        {
            "file_path": "./train/r_0",
            "transform_matrix": [
                [
                    -0.6770441460591418,
                    -0.11846744195622076,
                    -0.7263447456156042,
                    -1.4836394048785069
                ],
                [
                    -0.735942405550222,
                    0.10898636560437598,
                    0.6682145971357568,
                    1.3649021531578451
                ],
                [
                    0.0,
                    0.9869586806491439,
                    -0.16097379504534653,
                    -0.32880676417600824
                ],
                [
                    0.0,
                    0.0,
                    0.0,
                    1.0
                ]
            ]
        },
        {
            "file_path": "./train/r_0",
            "transform_matrix": [
                [
                    -0.31130399979722795,
                    0.3273667636302665,
                    -0.8921439467824084,
                    -1.7805041385490865
                ],
                [
                    -0.9503103807231864,
                    -0.10723926096779211,
                    0.29224975824940264,
                    0.5832600287540189
                ],
                [
                    0.0,
                    0.9387921724094886,
                    0.3444840446561684,
                    0.6875070658569765
                ],
                [
                    0.0,
                    0.0,
                    0.0,
                    1.0
                ]
            ]
        },
        {
            "file_path": "./train/r_0",
            "transform_matrix": [
                [
                    0.9463605511525175,
                    -0.13917228034022133,
                    0.29160381274463193,
                    0.5855040381944506
                ],
                [
                    0.32311253027746156,
                    0.40762008150790574,
                    -0.854075032962084,
                    -1.7148760025242993
                ],
                [
                    -0.0,
                    0.9024837646940754,
                    0.43072387264186884,
                    0.8648397440516971
                ],
                [
                    0.0,
                    0.0,
                    0.0,
                    1.0
                ]
            ]
        },
        {
            "file_path": "./train/r_0",
            "transform_matrix": [
                [
                    0.7812860413088677,
                    -0.16766121756762464,
                    0.6012335966824042,
                    1.2121742338107553
                ],
                [
                    0.6241731503805,
                    0.20986383165405473,
                    -0.7525722892238063,
                    -1.5172950133040553
                ],
                [
                    -0.0,
                    0.963248092802275,
                    0.26861331261272176,
                    0.5415634425693832
                ],
                [
                    0.0,
                    0.0,
                    0.0,
                    1.0
                ]
            ]
        },
        {
            "file_path": "./train/r_0",
            "transform_matrix": [
                [
                    0.5222673594524752,
                    0.368859949631009,
                    0.7688817482609069,
                    1.598838024714913
                ],
                [
                    0.8527818040099936,
                    -0.22590012004911691,
                    -0.4708846254776805,
                    -0.9791729952885854
                ],
                [
                    -0.0,
                    0.9016160343072899,
                    -0.43253731247141664,
                    -0.8994323299408439
                ],
                [
                    0.0,
                    0.0,
                    0.0,
                    1.0
                ]
            ]
        },
        {
            "file_path": "./train/r_0",
            "transform_matrix": [
                [
                    0.999283065221233,
                    -0.002272030374781574,
                    -0.03779144665176318,
                    -0.07609290445099558
                ],
                [
                    -0.03785968254036202,
                    -0.05996884614040316,
                    -0.9974820208557804,
                    -2.008425472673025
                ],
                [
                    0.0,
                    0.998197663476811,
                    -0.06001187073767386,
                    -0.12083362640350957
                ],
                [
                    0.0,
                    0.0,
                    0.0,
                    1.0
                ]
            ]
        },
        {
            "file_path": "./train/r_0",
            "transform_matrix": [
                [
                    -0.7116776624187364,
                    -0.03004135507674934,
                    0.7018635350261158,
                    1.3623595872805416
                ],
                [
                    0.7025061599831015,
                    -0.03043355713411323,
                    0.7110266477326723,
                    1.3801457434521185
                ],
                [
                    0.0,
                    0.9990852393991803,
                    0.042763119795948795,
                    0.0830058028785744
                ],
                [
                    0.0,
                    0.0,
                    0.0,
                    1.0
                ]
            ]
        },
        {
            "file_path": "./train/r_0",
            "transform_matrix": [
                [
                    0.7597473021084924,
                    -0.5791074132087829,
                    0.29566643520274527,
                    0.6061292464319814
                ],
                [
                    0.6502184532438826,
                    0.6766576565481995,
                    -0.3454712417782869,
                    -0.7082312988939828
                ],
                [
                    -0.0,
                    0.45471861607078584,
                    0.8906351554922303,
                    1.8258413920882002
                ],
                [
                    0.0,
                    0.0,
                    0.0,
                    1.0
                ]
            ]
        },
        {
            "file_path": "./train/r_0",
            "transform_matrix": [
                [
                    0.670506359097695,
                    -0.5100295388370608,
                    0.5387866849906445,
                    1.1133484085651486
                ],
                [
                    0.7419037824472611,
                    0.46094663109798056,
                    -0.4869363211651697,
                    -1.0062048549904743
                ],
                [
                    -0.0,
                    0.7262217793436639,
                    0.687460491378903,
                    1.4205678524542729
                ],
                [
                    0.0,
                    0.0,
                    0.0,
                    1.0
                ]
            ]
        },
        {
            "file_path": "./train/r_0",
            "transform_matrix": [
                [
                    -0.6948018012354439,
                    -0.3182336727811249,
                    -0.6449633993555128,
                    -1.2977806874051514
                ],
                [
                    -0.7192012632079999,
                    0.3074373480322288,
                    0.6230825146278199,
                    1.2537524686700823
                ],
                [
                    0.0,
                    0.8967773450211297,
                    -0.44248208263934685,
                    -0.8903523858035591
                ],
                [
                    0.0,
                    0.0,
                    0.0,
                    1.0
                ]
            ]
        },
        {
            "file_path": "./train/r_0",
            "transform_matrix": [
                [
                    0.32086392238017203,
                    0.21774458239941,
                    -0.9217557377909386,
                    -1.778859077632634
                ],
                [
                    -0.947125304970156,
                    0.07376677660186554,
                    -0.31226930581624496,
                    -0.6026358899034663
                ],
                [
                    0.0,
                    0.9732141385663677,
                    0.2299005012924569,
                    0.443675669062269
                ],
                [
                    0.0,
                    0.0,
                    0.0,
                    1.0
                ]
            ]
        },
        {
            "file_path": "./train/r_0",
            "transform_matrix": [
                [
                    -0.7192658239932301,
                    -0.3173100466426482,
                    0.6180380317868635,
                    1.2695398857639688
                ],
                [
                    0.6947349670452321,
                    -0.32851415717627935,
                    0.6398607458653945,
                    1.3143669101757487
                ],
                [
                    0.0,
                    0.8896025982619425,
                    0.45673539075223935,
                    0.9382008322748728
                ],
                [
                    0.0,
                    0.0,
                    0.0,
                    1.0
                ]
            ]
        },
        {
            "file_path": "./train/r_0",
            "transform_matrix": [
                [
                    -0.26360211476382156,
                    -0.6414165836634698,
                    0.7204850389102637,
                    1.4770602237565913
                ],
                [
                    0.9646314970453955,
                    -0.1752780915988683,
                    0.19688490422939411,
                    0.4036320603342665
                ],
                [
                    0.0,
                    0.7469018388027586,
                    0.6649343149462645,
                    1.3631761590823146
                ],
                [
                    0.0,
                    0.0,
                    0.0,
                    1.0
                ]
            ]
        },
        {
            "file_path": "./train/r_0",
            "transform_matrix": [
                [
                    0.47365586121107806,
                    -0.41724548067737915,
                    0.7756006278973057,
                    1.6263825882824388
                ],
                [
                    0.8807100119451304,
                    0.2243993650647711,
                    -0.4171268390047992,
                    -0.8746870536991401
                ],
                [
                    -0.0,
                    0.8806538104231597,
                    0.47376034678639956,
                    0.9934437277609725
                ],
                [
                    0.0,
                    0.0,
                    0.0,
                    1.0
                ]
            ]
        },
        {
            "file_path": "./train/r_0",
            "transform_matrix": [
                [
                    -0.4587161902723121,
                    -0.21895871234205014,
                    -0.8611832203843544,
                    -1.7837294063026088
                ],
                [
                    -0.8885828361959599,
                    0.11303381323733584,
                    0.4445715918532932,
                    0.9208207995989041
                ],
                [
                    0.0,
                    0.9691648153717398,
                    -0.24641339380289695,
                    -0.5103847894724234
                ],
                [
                    0.0,
                    0.0,
                    0.0,
                    1.0
                ]
            ]
        },
        {
            "file_path": "./train/r_0",
            "transform_matrix": [
                [
                    -0.7183063453672686,
                    0.16561643296037443,
                    -0.6757271574671245,
                    -1.3529936562823235
                ],
                [
                    -0.695726953772181,
                    -0.17099141271948604,
                    0.6976574679390137,
                    1.396904235605475
                ],
                [
                    0.0,
                    0.9712533829591927,
                    0.2380480331578562,
                    0.47663835202410576
                ],
                [
                    0.0,
                    0.0,
                    0.0,
                    1.0
                ]
            ]
        },
        {
            "file_path": "./train/r_0",
            "transform_matrix": [
                [
                    -0.6233055291303014,
                    -0.2985995605661577,
                    0.7227229896615248,
                    1.4528078463237823
                ],
                [
                    0.7819783995454063,
                    -0.23801010002956902,
                    0.5760737582361476,
                    1.1580155716627534
                ],
                [
                    0.0,
                    0.9242237254656538,
                    0.381851417813772,
                    0.767592485454932
                ],
                [
                    0.0,
                    0.0,
                    0.0,
                    1.0
                ]
            ]
        },
        {
            "file_path": "./train/r_0",
            "transform_matrix": [
                [
                    0.07461270113353681,
                    -0.3336986554924747,
                    -0.9397223803613874,
                    -1.789732423430688
                ],
                [
                    -0.9972125875807814,
                    -0.02496775347704498,
                    -0.07031121145842954,
                    -0.13391003290721804
                ],
                [
                    0.0,
                    0.9423490959346352,
                    -0.3346314112440369,
                    -0.6373166151172254
                ],
                [
                    0.0,
                    0.0,
                    0.0,
                    1.0
                ]
            ]
        },
        {
            "file_path": "./train/r_0",
            "transform_matrix": [
                [
                    -0.8964365161472302,
                    -0.060093076996484966,
                    -0.4390790300332176,
                    -0.8642783604690006
                ],
                [
                    -0.4431721702880458,
                    0.12155462864981559,
                    0.888157024256403,
                    1.748238572689928
                ],
                [
                    0.0,
                    0.990763995283892,
                    -0.13559758718022985,
                    -0.2669088075620814
                ],
                [
                    0.0,
                    0.0,
                    0.0,
                    1.0
                ]
            ]
        },
        {
            "file_path": "./train/r_0",
            "transform_matrix": [
                [
                    0.9987433331085184,
                    -0.006824070282145352,
                    -0.04965064587768533,
                    -0.10218401585434962
                ],
                [
                    -0.05011740786679784,
                    -0.1359905667322395,
                    -0.9894416663899684,
                    -2.0363304673703486
                ],
                [
                    0.0,
                    0.9906866294770657,
                    -0.13616167660311526,
                    -0.2802289209901451
                ],
                [
                    0.0,
                    0.0,
                    0.0,
                    1.0
                ]
            ]
        },
        {
            "file_path": "./train/r_0",
            "transform_matrix": [
                [
                    0.4638597633590591,
                    -0.34749147539586606,
                    0.8149133662320688,
                    1.668154936322789
                ],
                [
                    0.8859086408521353,
                    0.18194575164248802,
                    -0.4266867979241593,
                    -0.8734421568172587
                ],
                [
                    -0.0,
                    0.9198616298044257,
                    0.39224301397672556,
                    0.802934578222475
                ],
                [
                    0.0,
                    0.0,
                    0.0,
                    1.0
                ]
            ]
        },
        {
            "file_path": "./train/r_0",
            "transform_matrix": [
                [
                    -0.9695505433017741,
                    0.16089045862183118,
                    -0.18462395377548255,
                    -0.3867689462956749
                ],
                [
                    -0.2448912901334686,
                    -0.6369823585144694,
                    0.7309457783981718,
                    1.531259204069084
                ],
                [
                    0.0,
                    0.7539016747997055,
                    0.6569872637534148,
                    1.3763234213941462
                ],
                [
                    0.0,
                    0.0,
                    0.0,
                    1.0
                ]
            ]
        },
        {
            "file_path": "./train/r_0",
            "transform_matrix": [
                [
                    -0.8640042923593375,
                    0.26755750826238817,
                    -0.4265085726653833,
                    -0.8541389749800469
                ],
                [
                    -0.5034844414524051,
                    -0.45914196459539475,
                    0.7319098807659594,
                    1.465744876892938
                ],
                [
                    0.0,
                    0.847113709085093,
                    0.5314116708166058,
                    1.0642210940032757
                ],
                [
                    0.0,
                    0.0,
                    0.0,
                    1.0
                ]
            ]
        },
        {
            "file_path": "./train/r_0",
            "transform_matrix": [
                [
                    0.8529099036079106,
                    0.1052842956639826,
                    -0.5113315102886616,
                    -1.0032242229878776
                ],
                [
                    -0.522058135007534,
                    0.1720076988454519,
                    -0.8353853333703841,
                    -1.639012627038871
                ],
                [
                    0.0,
                    0.979453198792281,
                    0.20167159288201345,
                    0.39567643103701733
                ],
                [
                    0.0,
                    0.0,
                    0.0,
                    1.0
                ]
            ]
        },
        {
            "file_path": "./train/r_0",
            "transform_matrix": [
                [
                    0.49120533112204107,
                    0.4391915648409362,
                    0.7522154558700956,
                    1.4760909169435201
                ],
                [
                    0.8710438121456843,
                    -0.2476720860943531,
                    -0.4241947843766886,
                    -0.832407873764001
                ],
                [
                    -0.0,
                    0.8635793577559858,
                    -0.504212943960941,
                    -0.989429479250993
                ],
                [
                    0.0,
                    0.0,
                    0.0,
                    1.0
                ]
            ]
        },
        {
            "file_path": "./train/r_0",
            "transform_matrix": [
                [
                    -0.8905332592069474,
                    -0.2698547062551053,
                    0.36623619667944163,
                    0.6983245051547363
                ],
                [
                    0.4549181401595806,
                    -0.5282589764158283,
                    0.7169323117211621,
                    1.3670178053163071
                ],
                [
                    0.0,
                    0.8050595576403476,
                    0.593193989055796,
                    1.1310785297137889
                ],
                [
                    0.0,
                    0.0,
                    0.0,
                    1.0
                ]
            ]
        },
        {
            "file_path": "./train/r_0",
            "transform_matrix": [
                [
                    -0.5265276870926145,
                    0.5575826809939075,
                    -0.6417711029491343,
                    -1.2765098201404588
                ],
                [
                    -0.8501579822156009,
                    -0.34532725155566246,
                    0.39746760196034897,
                    0.7905798418759249
                ],
                [
                    0.0,
                    0.7548845230819472,
                    0.6558577260437978,
                    1.3045287082305017
                ],
                [
                    0.0,
                    0.0,
                    0.0,
                    1.0
                ]
            ]
        },
        {
            "file_path": "./train/r_0",
            "transform_matrix": [
                [
                    0.9888409866985635,
                    -0.02101622693452403,
                    -0.1474849864577676,
                    -0.29164163433968154
                ],
                [
                    -0.14897484024160357,
                    -0.13949809608731534,
                    -0.9789518773479127,
                    -1.9358114497396568
                ],
                [
                    0.0,
                    0.9899992926227021,
                    -0.14107232402760392,
                    -0.2789610259840837
                ],
                [
                    0.0,
                    0.0,
                    0.0,
                    1.0
                ]
            ]
        }
    ]
}