{
    "camera_angle_x": 0.8569566627292158,
    "frames": [
        {
            "file_path": "./train/r_0",
            "transform_matrix": [
                [
                    -1.0,
                    0.0,
                    0.0,
                    0.0
                ],
                [
                    0.0,
                    -6.123233995736766e-17,
                    1.0,
                    2.0
                ],
                [
                    0.0,
                    1.0,
                    6.123233995736766e-17,
                    1.2246467991473532e-16
                ],
                [
                    0.0,
                    0.0,
                    0.0,
                    1.0
                ]
            ]
        },
        {
            "file_path": "./train/r_0",
            "transform_matrix": [
                [
                    -0.9662980000542112,
                    0.039956823043992354,
                    -0.25430616859105615,
                    -0.4949398187009543
                ],
                [
                    -0.2574260575218282,
                    -0.14998558641506568,
                    0.9545868995416276,
                    1.8578513828864143
                ],
                [
                    0.0,
                    0.9878804462889019,
                    0.15521669961714835,
                    0.3020883275993555
                ],
                [
                    0.0,
                    0.0,
                    0.0,
                    1.0
                ]
            ]
        },
        {
            "file_path": "./train/r_0",
            "transform_matrix": [
                [
                    0.10280831994606868,
                    0.4055036015051,
                    -0.9082936081005194,
                    -1.7807573863327852
                ],
                [
                    -0.9947011859598172,
                    0.04191122378384655,
                    -0.09387757970396104,
                    -0.18405193208226628
                ],
                [
                    0.0,
                    0.9131321254272755,
                    0.407663735832201,
                    0.7992461933552102
                ],
                [
                    0.0,
                    0.0,
                    0.0,
                    1.0
                ]
            ]
        },
        {
            "file_path": "./train/r_0",
            "transform_matrix": [
                [
                    -0.9994887221413458,
                    -0.007276239553998391,
                    -0.03113439657697704,
                    -0.059361885926233995
                ],
                [
                    -0.03197333752143573,
                    0.2274557471188138,
                    0.9732633707226235,
                    1.8556566222883235
                ],
                [
                    0.0,
                    0.9737612332808158,
                    -0.22757209969463513,
                    -0.4338966065607343
                ],
                [
                    0.0,
                    0.0,
                    0.0,
                    1.0
                ]
            ]
        },
        {
            "file_path": "./train/r_0",
            "transform_matrix": [
                [
                    0.31663290542297223,
                    -0.17512008350635166,
                    -0.9322427578459034,
                    -1.7714007831379683
                ],
                [
                    -0.9485481554477913,
                    -0.0584564742655088,
                    -0.31119003424441277,
                    -0.5913076457027328
                ],
                [
                    0.0,
                    0.9828101530657762,
                    -0.1846190754792843,
                    -0.3508038782107327
                ],
                [
                    0.0,
                    0.0,
                    0.0,
                    1.0
                ]
            ]
        },
        {
            "file_path": "./train/r_0",
            "transform_matrix": [
                [
                    -0.1929359202210346,
                    0.28651586609778384,
                    0.9384478617177937,
                    1.8138842468125707
                ],
                [
                    0.9812113588256418,
                    0.0563377113261951,
                    0.18452731937050332,
                    0.3566646708534577
                ],
                [
                    0.0,
                    0.9564176497518033,
                    -0.29200219047677856,
                    -0.5643980821385993
                ],
                [
                    0.0,
                    0.0,
                    0.0,
                    1.0
                ]
            ]
        },
        {
            "file_path": "./train/r_0",
            "transform_matrix": [
                [
                    0.7149401979664876,
                    -0.11738450298043507,
                    -0.689261482887065,
                    -1.4230370813219122
                ],
                [
                    -0.6991856072114468,
                    -0.12002950137051395,
                    -0.7047924555988849,
                    -1.4551020532181291
                ],
                [
                    0.0,
                    0.9858061661710085,
                    -0.1678874704652434,
                    -0.3466175056825625
                ],
                [
                    0.0,
                    0.0,
                    0.0,
                    1.0
                ]
            ]
        },
        {
            "file_path": "./train/r_0",
            "transform_matrix": [
                [
                    -0.7847841312200099,
                    -0.16022288004487895,
                    -0.5987006732043808,
                    -1.2149721626567815
                ],
                [
                    -0.6197692049345905,
                    0.20288257744406424,
                    0.7581060561586346,
                    1.538461197386741
                ],
                [
                    0.0,
                    0.9660058428807653,
                    -0.25852023425686116,
                    -0.524627584640067
                ],
                [
                    0.0,
                    0.0,
                    0.0,
                    1.0
                ]
            ]
        },
        {
            "file_path": "./train/r_0",
            "transform_matrix": [
                [
                    -0.6828158746280585,
                    0.20676102152911086,
                    0.7007227421256984,
                    1.3859154616548643
                ],
                [
                    0.7305905018243253,
                    0.19324054638249066,
                    0.6549012214661666,
                    1.2952879564508286
                ],
                [
                    0.0,
                    0.9591183301397357,
                    -0.2830053511684275,
                    -0.5597384933241256
                ],
                [
                    0.0,
                    0.0,
                    0.0,
                    1.0
                ]
            ]
        },
        {
            "file_path": "./train/r_0",
            "transform_matrix": [
                [
                    0.48171048471354827,
                    -0.6212481613592542,
                    0.6180661218063845,
                    1.2899988056042315
                ],
                [
                    0.8763304222249952,
                    0.34149419596314373,
                    -0.3397450591347101,
                    -0.7091000542349865
                ],
                [
                    -0.0,
                    0.7052889026003686,
                    0.7089199982147266,
                    1.479624782366618
                ],
                [
                    0.0,
                    0.0,
                    0.0,
                    1.0
                ]
            ]
        },
        {
            "file_path": "./train/r_0",
            "transform_matrix": [
                [
                    0.5342309988896783,
                    -0.1656320085041851,
                    -0.8289531214635759,
                    -1.7059539307978235
                ],
                [
                    -0.8453385356325219,
                    -0.10467493154690423,
                    -0.523875862089784,
                    -1.078116558152601
                ],
                [
                    0.0,
                    0.980616742904444,
                    -0.19593571276181257,
                    -0.40322822933525154
                ],
                [
                    0.0,
                    0.0,
                    0.0,
                    1.0
                ]
            ]
        },
        {
            "file_path": "./train/r_0",
            "transform_matrix": [
                [
                    -0.9654861341156741,
                    -0.024352853761869145,
                    -0.25931344613039986,
                    -0.5273983088512075
                ],
                [
                    -0.26045445826549174,
                    0.09027429512941687,
                    0.9612564833635798,
                    1.9550279835596167
                ],
                [
                    0.0,
                    0.9956191491491815,
                    -0.09350138954828448,
                    -0.190165513816841
                ],
                [
                    0.0,
                    0.0,
                    0.0,
                    1.0
                ]
            ]
        },
        {
            "file_path": "./train/r_0",
            "transform_matrix": [
                [
                    0.8772009582214256,
                    -0.16110052723848525,
                    0.45228873412776344,
                    0.8609582844295401
                ],
                [
                    0.48012339965410206,
                    0.2943358664988757,
                    -0.8263461252991651,
                    -1.572998592933326
                ],
                [
                    -0.0,
                    0.942026017589662,
                    0.33553983695555717,
                    0.638719872030726
                ],
                [
                    0.0,
                    0.0,
                    0.0,
                    1.0
                ]
            ]
        },
        {
            "file_path": "./train/r_0",
            "transform_matrix": [
                [
                    -0.41997109659139653,
                    -0.7022488885730653,
                    0.5748658769884627,
                    1.166095185493515
                ],
                [
                    0.9075374802330864,
                    -0.32497196230217745,
                    0.26602433289015553,
                    0.5396209902602382
                ],
                [
                    0.0,
                    0.6334348602779662,
                    0.7737960182015886,
                    1.569617970901122
                ],
                [
                    0.0,
                    0.0,
                    0.0,
                    1.0
                ]
            ]
        },
        {
            "file_path": "./train/r_0",
            "transform_matrix": [
                [
                    0.665682225648835,
                    -0.7001169380331184,
                    0.2582701057698015,
                    0.4989017366863024
                ],
                [
                    0.746235334499254,
                    0.6245421249545502,
                    -0.23039088458973703,
                    -0.4450472968829095
                ],
                [
                    -0.0,
                    0.34609739559318553,
                    0.9381985891929353,
                    1.8123232036857893
                ],
                [
                    0.0,
                    0.0,
                    0.0,
                    1.0
                ]
            ]
        },
        {
            "file_path": "./train/r_0",
            "transform_matrix": [
                [
                    0.8678656213422218,
                    -0.38994114935158847,
                    0.30782326639590074,
                    0.6270174021405619
                ],
                [
                    0.4967990170001139,
                    0.681194016671814,
                    -0.5377410606957972,
                    -1.0953460628545884
                ],
                [
                    -0.0,
                    0.6196132759172311,
                    0.7849072482192513,
                    1.5988086588190593
                ],
                [
                    0.0,
                    0.0,
                    0.0,
                    1.0
                ]
            ]
        },
        {
            "file_path": "./train/r_0",
            "transform_matrix": [
                [
                    -0.4714926401523921,
                    0.438249709569886,
                    -0.7652658899650745,
                    -1.5249313217434166
                ],
                [
                    -0.8818699962478181,
                    -0.23431062797271787,
                    0.40915014278001144,
                    0.8153059952136446
                ],
                [
                    0.0,
                    0.8677763085501593,
                    0.49695500633262446,
                    0.990273138514514
                ],
                [
                    0.0,
                    0.0,
                    0.0,
                    1.0
                ]
            ]
        },
        {
            "file_path": "./train/r_0",
            "transform_matrix": [
                [
                    -0.8769350640289286,
                    -0.14677014709098982,
                    -0.4576498851736643,
                    -0.9059214045939665
                ],
                [
                    -0.4806088778586793,
                    0.26780172873672625,
                    0.8350433166064153,
                    1.6529745527846584
                ],
                [
                    0.0,
                    0.9522293620806439,
                    -0.3053837618333527,
                    -0.6045094632882482
                ],
                [
                    0.0,
                    0.0,
                    0.0,
                    1.0
                ]
            ]
        },
        {
            "file_path": "./train/r_0",
            "transform_matrix": [
                [
                    0.6734402216996799,
                    0.093462793047772,
                    -0.7333096031778088,
                    -1.4167223449099342
                ],
                [
                    -0.7392416842934968,
                    0.08514347257205471,
                    -0.6680361676446013,
                    -1.2906168987952316
                ],
                [
                    0.0,
                    0.991975451003744,
                    0.12643063159661463,
                    0.24425849612195602
                ],
                [
                    0.0,
                    0.0,
                    0.0,
                    1.0
                ]
            ]
        },
        {
            "file_path": "./train/r_0",
            "transform_matrix": [
                [
                    -0.5755141442272266,
                    -0.2552677318946546,
                    0.776931048966227,
                    1.5328976099639688
                ],
                [
                    0.8177918254631817,
                    -0.17964252722503082,
                    0.5467587151731566,
                    1.0787638476169783
                ],
                [
                    0.0,
                    0.9500352348547726,
                    0.31214267977070553,
                    0.6158625896402584
                ],
                [
                    0.0,
                    0.0,
                    0.0,
                    1.0
                ]
            ]
        },
        {
            "file_path": "./train/r_0",
            "transform_matrix": [
                [
                    -0.5078673887981794,
                    0.35993044394787105,
                    0.7826370748404443,
                    1.5827035989643905
                ],
                [
                    0.8614352647734587,
                    0.21220043129398342,
                    0.46141116324090875,
                    0.9330980247934373
                ],
                [
                    0.0,
                    0.9085268584241942,
                    -0.4178264562253856,
                    -0.8449579725638131
                ],
                [
                    0.0,
                    0.0,
                    0.0,
                    1.0
                ]
            ]
        },
        {
            "file_path": "./train/r_0",
            "transform_matrix": [
                [
                    0.7688439721226857,
                    -0.16153920501523278,
                    0.6186954273094779,
                    1.1795644698265004
                ],
                [
                    0.6394364288423134,
                    0.19423110482196201,
                    -0.7439054586363976,
                    -1.41828177352692
                ],
                [
                    -0.0,
                    0.9675636222815979,
                    0.25262746651406176,
                    0.4816431000599804
                ],
                [
                    0.0,
                    0.0,
                    0.0,
                    1.0
                ]
            ]
        },
        {
            "file_path": "./train/r_0",
            "transform_matrix": [
                [
                    -0.29744901171603555,
                    -0.6283333757370666,
                    0.7188332590830894,
                    1.4934502151295526
                ],
                [
                    0.9547377050421513,
                    -0.1957575789184313,
                    0.22395286304675896,
                    0.4652851649111037
                ],
                [
                    0.0,
                    0.7529117738691942,
                    0.6581214635378058,
                    1.367315199849848
                ],
                [
                    0.0,
                    0.0,
                    0.0,
                    1.0
                ]
            ]
        },
        {
            "file_path": "./train/r_0",
            "transform_matrix": [
                [
                    0.8406783299698691,
                    0.4496216687254216,
                    -0.3018282633081916,
                    -0.5916689805855857
                ],
                [
                    -0.5415348054548957,
                    0.6979924277717281,
                    -0.46855802762758975,
                    -0.91850659548252
                ],
                [
                    0.0,
                    0.5573570900113285,
                    0.8302728914122777,
                    1.6275702940653556
                ],
                [
                    0.0,
                    0.0,
                    0.0,
                    1.0
                ]
            ]
        },
        {
            "file_path": "./train/r_0",
            "transform_matrix": [
                [
                    0.9442764416705052,
                    0.2732564997039467,
                    -0.18350173589270435,
                    -0.3672627161908242
                ],
                [
                    -0.32915346224229336,
                    0.7839190675559168,
                    -0.5264303313983467,
                    -1.0536043839260447
                ],
                [
                    0.0,
                    0.5574959918168103,
                    0.8301796306271256,
                    1.6615321080596668
                ],
                [
                    0.0,
                    0.0,
                    0.0,
                    1.0
                ]
            ]
        },
        {
            "file_path": "./train/r_0",
            "transform_matrix": [
                [
                    -0.7697921667538223,
                    -0.1911050156499019,
                    -0.6090146902972917,
                    -1.1884840518966189
                ],
                [
                    -0.6382946184987426,
                    0.23047530060752175,
                    0.7344801670606342,
                    1.4333282577466422
                ],
                [
                    0.0,
                    0.9541278786427547,
                    -0.2993993840953531,
                    -0.5842739080255971
                ],
                [
                    0.0,
                    0.0,
                    0.0,
                    1.0
                ]
            ]
        },
        {
            "file_path": "./train/r_0",
            "transform_matrix": [
                [
                    -0.43006533830568916,
                    -0.71076339856618,
                    0.5566499762388092,
                    1.1302300645093277
                ],
                [
                    0.9027977651656063,
                    -0.3385860192106187,
                    0.2651710821471554,
                    0.5384071536412158
                ],
                [
                    0.0,
                    0.6165832456803869,
                    0.7872897186844495,
                    1.5985242926777985
                ],
                [
                    0.0,
                    0.0,
                    0.0,
                    1.0
                ]
            ]
        },
        {
            "file_path": "./train/r_0",
            "transform_matrix": [
                [
                    -0.8162279999356055,
                    -0.3779749830787374,
                    0.43692878628873766,
                    0.8484211178945702
                ],
                [
                    0.5777299127802896,
                    -0.5340103699656967,
                    0.6173014439056325,
                    1.1986657724360807
                ],
                [
                    0.0,
                    0.756285552510246,
                    0.6542416702291838,
                    1.2703956952432147
                ],
                [
                    0.0,
                    0.0,
                    0.0,
                    1.0
                ]
            ]
        },
        {
            "file_path": "./train/r_0",
            "transform_matrix": [
                [
                    -0.8930243919275341,
                    -0.28909367368974576,
                    0.34486560172772346,
                    0.7155843169483496
                ],
                [
                    0.4500082615046728,
                    -0.5736954723756809,
                    0.6843727562908875,
                    1.4200500394792064
                ],
                [
                    0.0,
                    0.766353934424696,
                    0.6424185918789934,
                    1.3329965846451504
                ],
                [
                    0.0,
                    0.0,
                    0.0,
                    1.0
                ]
            ]
        },
        {
            "file_path": "./train/r_0",
            "transform_matrix": [
                [
                    0.6687500926556665,
                    -0.20610919331108002,
                    -0.7143474742768349,
                    -1.4014194131275222
                ],
                [
                    -0.7434872652393162,
                    -0.1853905891442572,
                    -0.6425395053097575,
                    -1.2605452792480734
                ],
                [
                    0.0,
                    0.9608066037915233,
                    -0.27721953414324707,
                    -0.5438541477868467
                ],
                [
                    0.0,
                    0.0,
                    0.0,
                    1.0
                ]
            ]
        },
        {
            "file_path": "./train/r_0",
            "transform_matrix": [
                [
                    0.9629723072993096,
                    -0.12768471770486153,
                    -0.23744672716058646,
                    -0.47128939811516374
                ],
                [
                    -0.2696003252495148,
                    -0.45607084153668986,
                    -0.8481244319823427,
                    -1.683375710651072
                ],
                [
                    0.0,
                    0.8807360560148798,
                    -0.4736074319891471,
                    -0.9400262712994903
                ],
                [
                    0.0,
                    0.0,
                    0.0,
                    1.0
                ]
            ]
        },
        {
            "file_path": "./train/r_0",
            "transform_matrix": [
                [
                    0.3424060009091663,
                    -0.13956569738673133,
                    0.9291283800715311,
                    1.9263335285824863
                ],
                [
                    0.9395520903821096,
                    0.050862674667515706,
                    -0.3386072323271824,
                    -0.7020240460227406
                ],
                [
                    -0.0,
                    0.9889056600296218,
                    0.14854492775378839,
                    0.30797366754738026
                ],
                [
                    0.0,
                    0.0,
                    0.0,
                    1.0
                ]
            ]
        },
        {
            "file_path": "./train/r_0",
            "transform_matrix": [
                [
                    -0.6875486060293585,
                    -0.3717285595410366,
                    0.6237746326748402,
                    1.2050779377973664
                ],
                [
                    0.7261383575786958,
                    -0.3519734913687469,
                    0.5906248784352118,
                    1.1410355170495434
                ],
                [
                    0.0,
                    0.859029999124152,
                    0.5119252490400912,
                    0.9889947283912995
                ],
                [
                    0.0,
                    0.0,
                    0.0,
                    1.0
                ]
            ]
        }
    ]
}