{
    "camera_angle_x": 0.8569566627292158,
    "frames": [
        {
            "file_path": "./train/r_0",
            "transform_matrix": [
                [
                    -1.0,
                    0.0,
                    0.0,
                    0.0
                ],
                [
                    0.0,
                    -0.3420201433256688,
                    0.9396926207859084,
                    1.8793852415718166
                ],
                [
                    0.0,
                    0.9396926207859084,
                    0.3420201433256688,
                    0.6840402866513375
                ],
                [
                    0.0,
                    0.0,
                    0.0,
                    1.0
                ]
            ]
        },
        {
            "file_path": "./train/r_0",
            "transform_matrix": [
                [
                    0.5704988185931416,
                    0.11554546476186023,
                    -0.8131299671988453,
                    -1.6896515713628553
                ],
                [
                    -0.8212984220025201,
                    0.08026138779094653,
                    -0.5648247618917229,
                    -1.1736832793934144
                ],
                [
                    0.0,
                    0.9900542183147533,
                    0.1406863347918446,
                    0.29234058052147815
                ],
                [
                    0.0,
                    0.0,
                    0.0,
                    1.0
                ]
            ]
        },
        {
            "file_path": "./train/r_0",
            "transform_matrix": [
                [
                    0.9863458950255913,
                    0.019310575962137807,
                    -0.16355083925854844,
                    -0.32579944049171355
                ],
                [
                    -0.16468690101573058,
                    0.11565526592193973,
                    -0.9795417725132299,
                    -1.951284156473023
                ],
                [
                    0.0,
                    0.9931016872005283,
                    0.11725629569223174,
                    0.23357896360451288
                ],
                [
                    0.0,
                    0.0,
                    0.0,
                    1.0
                ]
            ]
        },
        {
            "file_path": "./train/r_0",
            "transform_matrix": [
                [
                    0.5340560848913821,
                    0.09594012745644902,
                    0.8399878511824616,
                    1.59802194190335
                ],
                [
                    0.8454490512091718,
                    -0.060603780653714114,
                    -0.5306063357895264,
                    -1.0094438460163102
                ],
                [
                    -0.0,
                    0.9935404741197597,
                    -0.11347830755648049,
                    -0.2158850573255753
                ],
                [
                    0.0,
                    0.0,
                    0.0,
                    1.0
                ]
            ]
        },
        {
            "file_path": "./train/r_0",
            "transform_matrix": [
                [
                    0.5982518814615735,
                    0.045246138451328695,
                    -0.8000296702516293,
                    -1.6381507585756738
                ],
                [
                    -0.8013081094857879,
                    0.03378049858343325,
                    -0.5972974063126067,
                    -1.2230336394130585
                ],
                [
                    0.0,
                    0.9984045597205062,
                    0.05646534449821537,
                    0.11561914559230672
                ],
                [
                    0.0,
                    0.0,
                    0.0,
                    1.0
                ]
            ]
        },
        {
            "file_path": "./train/r_0",
            "transform_matrix": [
                [
                    -0.8719170734044789,
                    0.16172670562879451,
                    -0.4621743067201224,
                    -0.8928475043573154
                ],
                [
                    -0.4896535684601599,
                    -0.2879837602463618,
                    0.8229852591198688,
                    1.589877074609871
                ],
                [
                    0.0,
                    0.9438801971229311,
                    0.3302880159484699,
                    0.638064095019675
                ],
                [
                    0.0,
                    0.0,
                    0.0,
                    1.0
                ]
            ]
        },
        {
            "file_path": "./train/r_0",
            "transform_matrix": [
                [
                    -0.49183479498736504,
                    -0.20579379763451244,
                    -0.8460185856675383,
                    -1.634405368569233
                ],
                [
                    -0.8706885404320747,
                    0.11624886003324854,
                    0.4778992237922485,
                    0.923243378140233
                ],
                [
                    0.0,
                    0.9716661542917585,
                    -0.23635753553433508,
                    -0.45661411170335353
                ],
                [
                    0.0,
                    0.0,
                    0.0,
                    1.0
                ]
            ]
        },
        {
            "file_path": "./train/r_0",
            "transform_matrix": [
                [
                    -0.5728967517969437,
                    -0.007193800702537404,
                    0.8195959742531458,
                    1.6269760510699713
                ],
                [
                    0.8196275445472236,
                    -0.005028265683573299,
                    0.572874685043513,
                    1.1372107991127933
                ],
                [
                    0.0,
                    0.9999614821460212,
                    0.008776914283074007,
                    0.017423010592344388
                ],
                [
                    0.0,
                    0.0,
                    0.0,
                    1.0
                ]
            ]
        },
        {
            "file_path": "./train/r_0",
            "transform_matrix": [
                [
                    -0.9824981572201859,
                    -0.14168468377844837,
                    0.12092485865834281,
                    0.245987156128637
                ],
                [
                    0.18627230352078405,
                    -0.7473195858294518,
                    0.6378213429925009,
                    1.2974657156653104
                ],
                [
                    0.0,
                    0.649183246101051,
                    0.7606320483530142,
                    1.5472890893616864
                ],
                [
                    0.0,
                    0.0,
                    0.0,
                    1.0
                ]
            ]
        },
        {
            "file_path": "./train/r_0",
            "transform_matrix": [
                [
                    0.7810837428550429,
                    0.20934664051697893,
                    -0.5882874898821255,
                    -1.15144984230918
                ],
                [
                    -0.6244262859998425,
                    0.26186799177953296,
                    -0.7358783651078467,
                    -1.4403281423372525
                ],
                [
                    0.0,
                    0.9421248001117524,
                    0.3352623763776525,
                    0.6562060507008212
                ],
                [
                    0.0,
                    0.0,
                    0.0,
                    1.0
                ]
            ]
        },
        {
            "file_path": "./train/r_0",
            "transform_matrix": [
                [
                    0.6623454001386463,
                    0.17875443338618782,
                    0.727561285020004,
                    1.4407175540667256
                ],
                [
                    0.7491986191359248,
                    -0.15803176044862827,
                    -0.6432164424004806,
                    -1.273697815855117
                ],
                [
                    -0.0,
                    0.9711193619912489,
                    -0.23859418426631793,
                    -0.4724644324103419
                ],
                [
                    0.0,
                    0.0,
                    0.0,
                    1.0
                ]
            ]
        },
        {
            "file_path": "./train/r_0",
            "transform_matrix": [
                [
                    0.06941658410679531,
                    0.5273730295883047,
                    -0.8467933782888228,
                    -1.6418306291744067
                ],
                [
                    -0.9975877594732927,
                    0.036696956148901186,
                    -0.058923641761702165,
                    -0.1142458624586292
                ],
                [
                    0.0,
                    0.8488409869181971,
                    0.528648256336613,
                    1.0249854587514917
                ],
                [
                    0.0,
                    0.0,
                    0.0,
                    1.0
                ]
            ]
        },
        {
            "file_path": "./train/r_0",
            "transform_matrix": [
                [
                    -0.708431186949989,
                    0.6727372940650787,
                    -0.21342395959832103,
                    -0.4112108100642496
                ],
                [
                    -0.7057798901616777,
                    -0.6752644647198324,
                    0.21422569717475162,
                    0.4127555436493797
                ],
                [
                    0.0,
                    0.3023945036878716,
                    0.9531828597595352,
                    1.836528085406958
                ],
                [
                    0.0,
                    0.0,
                    0.0,
                    1.0
                ]
            ]
        },
        {
            "file_path": "./train/r_0",
            "transform_matrix": [
                [
                    -0.8228891674426718,
                    0.04796170434662427,
                    0.5661740836718628,
                    1.1160202253606466
                ],
                [
                    0.5682019166682796,
                    0.06945975682437981,
                    0.8199523913474438,
                    1.61625810676797
                ],
                [
                    0.0,
                    0.9964311401687852,
                    -0.0844096138004136,
                    -0.16638493165423626
                ],
                [
                    0.0,
                    0.0,
                    0.0,
                    1.0
                ]
            ]
        },
        {
            "file_path": "./train/r_0",
            "transform_matrix": [
                [
                    -0.01574900897902934,
                    -0.21289032506508201,
                    0.9769491686929582,
                    2.0444516487585065
                ],
                [
                    0.9998759766671957,
                    -0.003353227519451065,
                    0.015387889687164475,
                    0.032202081182920596
                ],
                [
                    0.0,
                    0.9770703482139281,
                    0.2129167317077582,
                    0.44556869194184967
                ],
                [
                    0.0,
                    0.0,
                    0.0,
                    1.0
                ]
            ]
        },
        {
            "file_path": "./train/r_0",
            "transform_matrix": [
                [
                    0.9409769855169947,
                    -0.01214627529373412,
                    0.33825253986310033,
                    0.6594528215813596
                ],
                [
                    0.338470549276225,
                    0.03376768092703394,
                    -0.9403709007606842,
                    -1.8333350699764766
                ],
                [
                    -0.0,
                    0.9993558984272315,
                    0.035885767076950535,
                    0.06996243210201562
                ],
                [
                    0.0,
                    0.0,
                    0.0,
                    1.0
                ]
            ]
        },
        {
            "file_path": "./train/r_0",
            "transform_matrix": [
                [
                    -0.8129656452717935,
                    -0.4237628308917805,
                    0.3993894374697466,
                    0.806481077636689
                ],
                [
                    0.5823116516160538,
                    -0.5916155417842932,
                    0.5575878326429485,
                    1.1259287150803885
                ],
                [
                    0.0,
                    0.6858688751312902,
                    0.7277251446295768,
                    1.4694844274859757
                ],
                [
                    0.0,
                    0.0,
                    0.0,
                    1.0
                ]
            ]
        },
        {
            "file_path": "./train/r_0",
            "transform_matrix": [
                [
                    -0.7291679972222456,
                    -0.279069298792838,
                    0.6248474680257358,
                    1.2353712787897289
                ],
                [
                    0.6843347366800103,
                    -0.29735214476207383,
                    0.6657835009809837,
                    1.3163049497547208
                ],
                [
                    0.0,
                    0.9130728494904821,
                    0.40779648297077253,
                    0.806244865239348
                ],
                [
                    0.0,
                    0.0,
                    0.0,
                    1.0
                ]
            ]
        },
        {
            "file_path": "./train/r_0",
            "transform_matrix": [
                [
                    0.7317769380938235,
                    0.3508050912329381,
                    -0.5843272206898105,
                    -1.1865879855351578
                ],
                [
                    -0.6815442119730961,
                    0.3766609282572816,
                    -0.6273946383659447,
                    -1.2740445998653902
                ],
                [
                    0.0,
                    0.8573577625993789,
                    0.5147209602401936,
                    1.0452391839680453
                ],
                [
                    0.0,
                    0.0,
                    0.0,
                    1.0
                ]
            ]
        },
        {
            "file_path": "./train/r_0",
            "transform_matrix": [
                [
                    -0.9735165124122565,
                    -0.09239863485292502,
                    -0.20911263074714742,
                    -0.43360815234155964
                ],
                [
                    -0.22861670993319144,
                    0.3934602889699517,
                    0.8904624646457621,
                    1.8464297572318087
                ],
                [
                    0.0,
                    0.9146865546628518,
                    -0.40416396019313994,
                    -0.8380593147159079
                ],
                [
                    0.0,
                    0.0,
                    0.0,
                    1.0
                ]
            ]
        },
        {
            "file_path": "./train/r_0",
            "transform_matrix": [
                [
                    -0.26832597635687316,
                    -0.3458271151242229,
                    -0.8991133281500103,
                    -1.803280448221958
                ],
                [
                    -0.9633281737871735,
                    0.09632688095437017,
                    0.2504395368017435,
                    0.5022867596741926
                ],
                [
                    0.0,
                    0.9333406336651481,
                    -0.35899200764019784,
                    -0.7200018598072754
                ],
                [
                    0.0,
                    0.0,
                    0.0,
                    1.0
                ]
            ]
        },
        {
            "file_path": "./train/r_0",
            "transform_matrix": [
                [
                    -0.8712745875243304,
                    -0.3445911135760672,
                    0.3494818415579183,
                    0.7243599325216743
                ],
                [
                    0.4907958772588742,
                    -0.6117277961305635,
                    0.6204099534234891,
                    1.2859040400905533
                ],
                [
                    0.0,
                    0.712071673278505,
                    0.7021067811340025,
                    1.4552344646522968
                ],
                [
                    0.0,
                    0.0,
                    0.0,
                    1.0
                ]
            ]
        },
        {
            "file_path": "./train/r_0",
            "transform_matrix": [
                [
                    0.7960362432484459,
                    -0.5830493449758942,
                    0.16241847418961272,
                    0.3358750120357598
                ],
                [
                    0.605248956574814,
                    0.7668388440182426,
                    -0.2136162163082763,
                    -0.4417499276579483
                ],
                [
                    -0.0,
                    0.26834986235872416,
                    0.9633215202475516,
                    1.9921109887396382
                ],
                [
                    0.0,
                    0.0,
                    0.0,
                    1.0
                ]
            ]
        },
        {
            "file_path": "./train/r_0",
            "transform_matrix": [
                [
                    -0.8200583260986636,
                    -0.18655945803200882,
                    -0.5410174769959479,
                    -1.0482579228780167
                ],
                [
                    -0.5722799505454109,
                    0.2673335606564521,
                    0.7752602308583132,
                    1.5021190882814195
                ],
                [
                    0.0,
                    0.945372062187976,
                    -0.3259933496782623,
                    -0.6316341451726183
                ],
                [
                    0.0,
                    0.0,
                    0.0,
                    1.0
                ]
            ]
        },
        {
            "file_path": "./train/r_0",
            "transform_matrix": [
                [
                    -0.005868577877037811,
                    -0.9653456734156555,
                    0.26090858669537076,
                    0.5323212628061037
                ],
                [
                    0.999982779748582,
                    -0.005665303820657434,
                    0.0015311887272645066,
                    0.0031240225828350426
                ],
                [
                    0.0,
                    0.2609130796842012,
                    0.9653622971971225,
                    1.9695897464247432
                ],
                [
                    0.0,
                    0.0,
                    0.0,
                    1.0
                ]
            ]
        },
        {
            "file_path": "./train/r_0",
            "transform_matrix": [
                [
                    -0.6713859966941621,
                    -0.29639582061171266,
                    0.6792572126719715,
                    1.3937868445768835
                ],
                [
                    0.7411078487258022,
                    -0.268511531458634,
                    0.6153541370875413,
                    1.2626623391377434
                ],
                [
                    0.0,
                    0.9165430022632045,
                    0.3999361511570959,
                    0.8206401577404605
                ],
                [
                    0.0,
                    0.0,
                    0.0,
                    1.0
                ]
            ]
        },
        {
            "file_path": "./train/r_0",
            "transform_matrix": [
                [
                    0.44654921974384143,
                    -0.20609412482207534,
                    -0.8707002963477096,
                    -1.6822943866776277
                ],
                [
                    -0.8947590705581958,
                    -0.10285581187310447,
                    -0.434542158619573,
                    -0.8395860634099921
                ],
                [
                    0.0,
                    0.9731114497721972,
                    -0.23033477011135906,
                    -0.4450336039167703
                ],
                [
                    0.0,
                    0.0,
                    0.0,
                    1.0
                ]
            ]
        },
        {
            "file_path": "./train/r_0",
            "transform_matrix": [
                [
                    0.8114552397445846,
                    -0.36147564673159566,
                    0.4592120977402854,
                    0.8778498904559459
                ],
                [
                    0.5844145736470462,
                    0.501906216592,
                    -0.6376125436777774,
                    -1.2188879700147555
                ],
                [
                    -0.0,
                    0.7857642818086599,
                    0.6185260652823945,
                    1.1824014247973584
                ],
                [
                    0.0,
                    0.0,
                    0.0,
                    1.0
                ]
            ]
        },
        {
            "file_path": "./train/r_0",
            "transform_matrix": [
                [
                    0.8848868870748079,
                    -0.08248448589563145,
                    0.45844466042216003,
                    0.9397048487492539
                ],
                [
                    0.4658059650574006,
                    0.1566949447441207,
                    -0.8709026910100696,
                    -1.7851478099391922
                ],
                [
                    -0.0,
                    0.9841966286663303,
                    0.17707906742986215,
                    0.36297087225883656
                ],
                [
                    0.0,
                    0.0,
                    0.0,
                    1.0
                ]
            ]
        },
        {
            "file_path": "./train/r_0",
            "transform_matrix": [
                [
                    0.6806934206698797,
                    0.45196569155527677,
                    -0.5765270858456683,
                    -1.1280765339441154
                ],
                [
                    -0.7325684043532986,
                    0.41996088117092406,
                    -0.5357017745251577,
                    -1.0481946397151958
                ],
                [
                    0.0,
                    0.7869942007048727,
                    0.6169603942368574,
                    1.207191405570522
                ],
                [
                    0.0,
                    0.0,
                    0.0,
                    1.0
                ]
            ]
        },
        {
            "file_path": "./train/r_0",
            "transform_matrix": [
                [
                    0.6661126617691582,
                    -0.6530558273240705,
                    0.36029433554925744,
                    0.7187600618085466
                ],
                [
                    0.7458511391898568,
                    0.583238038484734,
                    -0.3217754941471972,
                    -0.6419178744765357
                ],
                [
                    -0.0,
                    0.4830646715115419,
                    0.8755846750243211,
                    1.7467254770455807
                ],
                [
                    0.0,
                    0.0,
                    0.0,
                    1.0
                ]
            ]
        },
        {
            "file_path": "./train/r_0",
            "transform_matrix": [
                [
                    -0.49013605347171063,
                    -0.28519109035448836,
                    -0.8236702562734644,
                    -1.595051413381671
                ],
                [
                    -0.8716459425060019,
                    0.16036607146907067,
                    0.4631588000183096,
                    0.8969148672816578
                ],
                [
                    0.0,
                    0.9449596632153116,
                    -0.3271868501269649,
                    -0.6336028814443975
                ],
                [
                    0.0,
                    0.0,
                    0.0,
                    1.0
                ]
            ]
        },
        {
            "file_path": "./train/r_0",
            "transform_matrix": [
                [
                    -0.7499955372671656,
                    0.4290533133112516,
                    -0.5034083316910564,
                    -1.0400220511871197
                ],
                [
                    -0.6614428879951282,
                    -0.48649411169645806,
                    0.5708036310372758,
                    1.1792581207034287
                ],
                [
                    0.0,
                    0.7610760366883924,
                    0.6486626753395703,
                    1.340111880685367
                ],
                [
                    0.0,
                    0.0,
                    0.0,
                    1.0
                ]
            ]
        }
    ]
}