{
    "camera_angle_x": 0.8569566627292158,
    "frames": [
        {
            "file_path": "./train/r_0",
            "transform_matrix": [
                [
                    -1.0,
                    0.0,
                    0.0,
                    0.0
                ],
                [
                    0.0,
                    -0.3420201433256688,
                    0.9396926207859084,
                    1.8793852415718166
                ],
                [
                    0.0,
                    0.9396926207859084,
                    0.3420201433256688,
                    0.6840402866513375
                ],
                [
                    0.0,
                    0.0,
                    0.0,
                    1.0
                ]
            ]
        },
        {
            "file_path": "./train/r_0",
            "transform_matrix": [
                [
                    0.5442972547715674,
                    0.6482706380098396,
                    -0.532433731409319,
                    -1.0878289921037643
                ],
                [
                    -0.8388924236444952,
                    0.4206164207382321,
                    -0.3454581424097906,
                    -0.7058143778324554
                ],
                [
                    0.0,
                    0.6346865419241802,
                    0.7727696898172999,
                    1.5788655436558585
                ],
                [
                    0.0,
                    0.0,
                    0.0,
                    1.0
                ]
            ]
        },
        {
            "file_path": "./train/r_0",
            "transform_matrix": [
                [
                    -0.6548185358423039,
                    0.14945083163754602,
                    0.7408624258525919,
                    1.4337602594673233
                ],
                [
                    0.7557861371561014,
                    0.12948527360075104,
                    0.641888525215397,
                    1.2422201833259638
                ],
                [
                    0.0,
                    0.9802540552547511,
                    -0.19774222401049166,
                    -0.382682307148532
                ],
                [
                    0.0,
                    0.0,
                    0.0,
                    1.0
                ]
            ]
        },
        {
            "file_path": "./train/r_0",
            "transform_matrix": [
                [
                    0.7416787577355826,
                    -0.18926756798181504,
                    0.6434985687894358,
                    1.2605961491839355
                ],
                [
                    0.6707552611227163,
                    0.20928010980551284,
                    -0.7115400307192767,
                    -1.3938875177334578
                ],
                [
                    -0.0,
                    0.9593641766034636,
                    0.2821708288430228,
                    0.5527649594010929
                ],
                [
                    0.0,
                    0.0,
                    0.0,
                    1.0
                ]
            ]
        },
        {
            "file_path": "./train/r_0",
            "transform_matrix": [
                [
                    -0.43491588918250684,
                    -0.220940387261236,
                    -0.8729453102076009,
                    -1.6982001061052516
                ],
                [
                    -0.9004710818991299,
                    0.10671135021836474,
                    0.421621297372398,
                    0.8202086929864645
                ],
                [
                    0.0,
                    0.9694318093664086,
                    -0.24536089131842387,
                    -0.47731729215881236
                ],
                [
                    0.0,
                    0.0,
                    0.0,
                    1.0
                ]
            ]
        },
        {
            "file_path": "./train/r_0",
            "transform_matrix": [
                [
                    -0.2712227195915313,
                    -0.6319952347441649,
                    0.7259616103059731,
                    1.4769295099541961
                ],
                [
                    0.9625166161565075,
                    -0.17808676074671395,
                    0.20456507343476085,
                    0.41617654345993127
                ],
                [
                    0.0,
                    0.7542328081616515,
                    0.6566070903459613,
                    1.3358315018453701
                ],
                [
                    0.0,
                    0.0,
                    0.0,
                    1.0
                ]
            ]
        },
        {
            "file_path": "./train/r_0",
            "transform_matrix": [
                [
                    0.9033649416292447,
                    0.020687610579824166,
                    0.42837344105778635,
                    0.8398081910556857
                ],
                [
                    0.4288726876768806,
                    -0.04357578055418532,
                    -0.9023133430875897,
                    -1.7689475205386882
                ],
                [
                    -0.0,
                    0.9988359095054558,
                    -0.04823718360776226,
                    -0.09456697830571414
                ],
                [
                    0.0,
                    0.0,
                    0.0,
                    1.0
                ]
            ]
        },
        {
            "file_path": "./train/r_0",
            "transform_matrix": [
                [
                    -0.8617710969828976,
                    0.01690346232465348,
                    0.5070156302978562,
                    1.0381958914719798
                ],
                [
                    0.5072973254462253,
                    0.028714748806358204,
                    0.8612925674798863,
                    1.7636347904849818
                ],
                [
                    0.0,
                    0.9994447139098925,
                    -0.0333206218065214,
                    -0.06822932192543973
                ],
                [
                    0.0,
                    0.0,
                    0.0,
                    1.0
                ]
            ]
        },
        {
            "file_path": "./train/r_0",
            "transform_matrix": [
                [
                    -0.3000016357121816,
                    0.6705785128378395,
                    -0.6784714265834686,
                    -1.3539373915713395
                ],
                [
                    -0.9539386870077214,
                    -0.2108884496086756,
                    0.21337067102025434,
                    0.4257961624319767
                ],
                [
                    0.0,
                    0.7112316921663718,
                    0.7029576659075277,
                    1.4028014021999868
                ],
                [
                    0.0,
                    0.0,
                    0.0,
                    1.0
                ]
            ]
        },
        {
            "file_path": "./train/r_0",
            "transform_matrix": [
                [
                    0.12091209227545095,
                    -0.3704689677391227,
                    -0.9209413715779533,
                    -1.7874196132846811
                ],
                [
                    -0.992663218791536,
                    -0.04512525211420255,
                    -0.11217595856535761,
                    -0.2177179945072737
                ],
                [
                    0.0,
                    0.9277480560820047,
                    -0.3732071066258807,
                    -0.7243432891470024
                ],
                [
                    0.0,
                    0.0,
                    0.0,
                    1.0
                ]
            ]
        },
        {
            "file_path": "./train/r_0",
            "transform_matrix": [
                [
                    0.6891471892645064,
                    0.4963293865367122,
                    -0.5279519784875529,
                    -1.0604973106829048
                ],
                [
                    -0.7246213849513624,
                    0.472031337722817,
                    -0.5021058301581225,
                    -1.008580144137958
                ],
                [
                    0.0,
                    0.7285901154062543,
                    0.6849499571007368,
                    1.3758592013209545
                ],
                [
                    0.0,
                    0.0,
                    0.0,
                    1.0
                ]
            ]
        },
        {
            "file_path": "./train/r_0",
            "transform_matrix": [
                [
                    -0.3894027652682458,
                    0.7597883859882871,
                    -0.520660249028824,
                    -1.0278935765326807
                ],
                [
                    -0.9210675797146719,
                    -0.32121823092957946,
                    0.220121243220703,
                    0.4345659427371083
                ],
                [
                    0.0,
                    0.5652790962310433,
                    0.8248997171561007,
                    1.6285267064846356
                ],
                [
                    0.0,
                    0.0,
                    0.0,
                    1.0
                ]
            ]
        },
        {
            "file_path": "./train/r_0",
            "transform_matrix": [
                [
                    -0.4233971391750963,
                    -0.7340530107928075,
                    0.5309435373788428,
                    1.0148342679981972
                ],
                [
                    0.9059441829044128,
                    -0.3430630171675082,
                    0.24813887989104375,
                    0.47428741628404
                ],
                [
                    0.0,
                    0.5860665010030351,
                    0.8102629550967139,
                    1.548719505996941
                ],
                [
                    0.0,
                    0.0,
                    0.0,
                    1.0
                ]
            ]
        },
        {
            "file_path": "./train/r_0",
            "transform_matrix": [
                [
                    0.7853234962729173,
                    0.381725823238732,
                    -0.48739347766911445,
                    -1.0186193398093144
                ],
                [
                    -0.6190856210587363,
                    0.48422746050995247,
                    -0.6182691649163826,
                    -1.2921406572845697
                ],
                [
                    0.0,
                    0.7872795960526316,
                    0.6165961706329396,
                    1.2886442126036615
                ],
                [
                    0.0,
                    0.0,
                    0.0,
                    1.0
                ]
            ]
        },
        {
            "file_path": "./train/r_0",
            "transform_matrix": [
                [
                    0.9992856645275457,
                    0.0022273067833053885,
                    -0.03772532006801736,
                    -0.07457719516948265
                ],
                [
                    -0.03779101308170121,
                    0.05889537108333699,
                    -0.9975485825739089,
                    -1.9720011705540166
                ],
                [
                    0.0,
                    0.9982616763000818,
                    0.05893747221039366,
                    0.11651037976366427
                ],
                [
                    0.0,
                    0.0,
                    0.0,
                    1.0
                ]
            ]
        },
        {
            "file_path": "./train/r_0",
            "transform_matrix": [
                [
                    -0.4163909748516886,
                    0.482149266769631,
                    -0.7708116764914551,
                    -1.542952662453051
                ],
                [
                    -0.9091856554423087,
                    -0.22081584988993777,
                    0.35301813604307075,
                    0.7066450723491441
                ],
                [
                    0.0,
                    0.8478044851207688,
                    0.5303089241273508,
                    1.0615323967708208
                ],
                [
                    0.0,
                    0.0,
                    0.0,
                    1.0
                ]
            ]
        },
        {
            "file_path": "./train/r_0",
            "transform_matrix": [
                [
                    -0.6762881030696146,
                    0.1760004376172519,
                    0.7153029061908235,
                    1.4653308023573495
                ],
                [
                    0.7366372252652605,
                    0.1615815736880961,
                    0.6567016014888163,
                    1.3452833426098953
                ],
                [
                    0.0,
                    0.9710382283942348,
                    -0.23892416997236968,
                    -0.48944711765896026
                ],
                [
                    0.0,
                    0.0,
                    0.0,
                    1.0
                ]
            ]
        },
        {
            "file_path": "./train/r_0",
            "transform_matrix": [
                [
                    -0.9743192379371849,
                    -0.0848717831651101,
                    -0.2085636665574278,
                    -0.4160199977204218
                ],
                [
                    -0.22517109624794965,
                    0.3672416774342237,
                    0.9024586016930606,
                    1.8001257439331833
                ],
                [
                    0.0,
                    0.9262452865076681,
                    -0.3769213037522924,
                    -0.7518414041912256
                ],
                [
                    0.0,
                    0.0,
                    0.0,
                    1.0
                ]
            ]
        },
        {
            "file_path": "./train/r_0",
            "transform_matrix": [
                [
                    0.7286718017267536,
                    -0.24615249889779733,
                    0.6390980774925368,
                    1.309289258970186
                ],
                [
                    0.6848630559230704,
                    0.2618981755843878,
                    -0.6799793675232231,
                    -1.393040776640254
                ],
                [
                    -0.0,
                    0.9331764532562633,
                    0.3594185680902713,
                    0.7363234020689603
                ],
                [
                    0.0,
                    0.0,
                    0.0,
                    1.0
                ]
            ]
        },
        {
            "file_path": "./train/r_0",
            "transform_matrix": [
                [
                    0.9632713673239077,
                    -0.11718418247004593,
                    0.24161154830172368,
                    0.5061922702496011
                ],
                [
                    0.26852983613358344,
                    0.4203635964701584,
                    -0.866709971021878,
                    -1.8158150591860618
                ],
                [
                    -0.0,
                    0.8997568083329522,
                    0.4363916656611342,
                    0.9142695765649316
                ],
                [
                    0.0,
                    0.0,
                    0.0,
                    1.0
                ]
            ]
        },
        {
            "file_path": "./train/r_0",
            "transform_matrix": [
                [
                    -0.28975836114967607,
                    -0.7528635557532605,
                    0.590962400294986,
                    1.1461148786791107
                ],
                [
                    0.957099833948295,
                    -0.22792659903038648,
                    0.17891163548128317,
                    0.34698195230619966
                ],
                [
                    0.0,
                    0.6174511574796818,
                    0.7866092219946326,
                    1.5255531190888474
                ],
                [
                    0.0,
                    0.0,
                    0.0,
                    1.0
                ]
            ]
        },
        {
            "file_path": "./train/r_0",
            "transform_matrix": [
                [
                    -0.7287642448809101,
                    -0.41584113576493187,
                    0.5440393599629428,
                    1.035999617214373
                ],
                [
                    0.6847646861390833,
                    -0.44256101027177935,
                    0.5789966120834084,
                    1.1025677784189878
                ],
                [
                    0.0,
                    0.7944909703659024,
                    0.6072759652802394,
                    1.1564193951273498
                ],
                [
                    0.0,
                    0.0,
                    0.0,
                    1.0
                ]
            ]
        },
        {
            "file_path": "./train/r_0",
            "transform_matrix": [
                [
                    -0.8105821496525546,
                    0.004526740386428976,
                    0.5856074515288525,
                    1.228943111685539
                ],
                [
                    0.5856249470989462,
                    0.006265605609063436,
                    0.8105579334765085,
                    1.7010193199683727
                ],
                [
                    0.0,
                    0.9999701249576537,
                    -0.007729760162802875,
                    -0.016221507226825055
                ],
                [
                    0.0,
                    0.0,
                    0.0,
                    1.0
                ]
            ]
        },
        {
            "file_path": "./train/r_0",
            "transform_matrix": [
                [
                    -0.9992305572175129,
                    0.015292777765990447,
                    -0.036116817010621464,
                    -0.07165995212136633
                ],
                [
                    -0.039221085181043724,
                    -0.3896121379094279,
                    0.9201435151490589,
                    1.825671410107263
                ],
                [
                    0.0,
                    0.9208520581189168,
                    0.3899121530013588,
                    0.7736309156867046
                ],
                [
                    0.0,
                    0.0,
                    0.0,
                    1.0
                ]
            ]
        },
        {
            "file_path": "./train/r_0",
            "transform_matrix": [
                [
                    -0.7322258540659169,
                    0.4054823504343045,
                    -0.5472013908276462,
                    -1.1013975352485421
                ],
                [
                    -0.6810618904603591,
                    -0.4359437292178003,
                    0.5883092437810568,
                    1.1841387136906611
                ],
                [
                    0.0,
                    0.8034532521820726,
                    0.595367845586282,
                    1.1983461458370182
                ],
                [
                    0.0,
                    0.0,
                    0.0,
                    1.0
                ]
            ]
        },
        {
            "file_path": "./train/r_0",
            "transform_matrix": [
                [
                    0.02059022777372059,
                    -0.6740899929136125,
                    0.7383621902386065,
                    1.474101465930846
                ],
                [
                    0.9997879987878562,
                    0.013882609624145018,
                    -0.015206269424066207,
                    -0.03035852098833996
                ],
                [
                    -0.0,
                    0.7385187571103049,
                    0.6742329311122754,
                    1.3460707566977057
                ],
                [
                    0.0,
                    0.0,
                    0.0,
                    1.0
                ]
            ]
        },
        {
            "file_path": "./train/r_0",
            "transform_matrix": [
                [
                    0.4107822117780193,
                    -0.7947296219176628,
                    0.4468364382336867,
                    0.8835693693116903
                ],
                [
                    0.9117334997063332,
                    0.3580660269278234,
                    -0.20132249221923715,
                    -0.3980928417153394
                ],
                [
                    -0.0,
                    0.4900954482615933,
                    0.8716687740152609,
                    1.7236280728353883
                ],
                [
                    0.0,
                    0.0,
                    0.0,
                    1.0
                ]
            ]
        },
        {
            "file_path": "./train/r_0",
            "transform_matrix": [
                [
                    -0.9989055656187196,
                    -0.0013573244755116106,
                    -0.0467528463969222,
                    -0.09770834713738956
                ],
                [
                    -0.04677254510870693,
                    0.028987923787082127,
                    0.9984848668350302,
                    2.0867244135657557
                ],
                [
                    0.0,
                    0.9995788402846384,
                    -0.029019683926905616,
                    -0.06064797267902989
                ],
                [
                    0.0,
                    0.0,
                    0.0,
                    1.0
                ]
            ]
        },
        {
            "file_path": "./train/r_0",
            "transform_matrix": [
                [
                    0.17880765182135167,
                    0.7778783995056718,
                    -0.6024392245136672,
                    -1.2585133090734038
                ],
                [
                    -0.9838840499012749,
                    0.1413689042241483,
                    -0.10948520113846122,
                    -0.22871781446595715
                ],
                [
                    0.0,
                    0.6123071357586469,
                    0.7906199918412398,
                    1.6516284824497398
                ],
                [
                    0.0,
                    0.0,
                    0.0,
                    1.0
                ]
            ]
        },
        {
            "file_path": "./train/r_0",
            "transform_matrix": [
                [
                    -0.9910044508405416,
                    0.055142146342117004,
                    -0.12194064995325081,
                    -0.23640790810217785
                ],
                [
                    -0.13382891471665118,
                    -0.4083281447035399,
                    0.9029717314671198,
                    1.7506029219409815
                ],
                [
                    0.0,
                    0.9111681897101926,
                    0.412034622404781,
                    0.7988168275774243
                ],
                [
                    0.0,
                    0.0,
                    0.0,
                    1.0
                ]
            ]
        },
        {
            "file_path": "./train/r_0",
            "transform_matrix": [
                [
                    0.8596135450131986,
                    0.4077813579552679,
                    -0.30786184780514647,
                    -0.5947313158468153
                ],
                [
                    -0.5109447653414618,
                    0.6860514139291819,
                    -0.5179468160109962,
                    -1.0005760493578726
                ],
                [
                    0.0,
                    0.6025344982239008,
                    0.7980928382400584,
                    1.5417655914117943
                ],
                [
                    0.0,
                    0.0,
                    0.0,
                    1.0
                ]
            ]
        },
        {
            "file_path": "./train/r_0",
            "transform_matrix": [
                [
                    0.44218002684647156,
                    -0.019394089926831094,
                    -0.89671661807617,
                    -1.840768640502973
                ],
                [
                    -0.8969263201947268,
                    -0.009561185809161267,
                    -0.4420766447889653,
                    -0.9074893985707043
                ],
                [
                    0.0,
                    0.9997661991695022,
                    -0.021622835109377264,
                    -0.04438708504533077
                ],
                [
                    0.0,
                    0.0,
                    0.0,
                    1.0
                ]
            ]
        },
        {
            "file_path": "./train/r_0",
            "transform_matrix": [
                [
                    0.795775669845319,
                    -0.33681689526784714,
                    0.5032846732658984,
                    0.9821860008473339
                ],
                [
                    0.6055915152000019,
                    0.4425932063438376,
                    -0.6613396785435206,
                    -1.2906384966091409
                ],
                [
                    -0.0,
                    0.8310629535482914,
                    0.5561783591974706,
                    1.085410757361543
                ],
                [
                    0.0,
                    0.0,
                    0.0,
                    1.0
                ]
            ]
        }
    ]
}