{
    "camera_angle_x": 0.8569566627292158,
    "frames": [
        {
            "file_path": "./train/r_0",
            "transform_matrix": [
                [
                    1.0,
                    0.0,
                    0.0,
                    0.0
                ],
                [
                    0.0,
                    0.34202014332566877,
                    -0.9396926207859084,
                    -1.8793852415718166
                ],
                [
                    -0.0,
                    0.9396926207859084,
                    0.34202014332566877,
                    0.6840402866513374
                ],
                [
                    0.0,
                    0.0,
                    0.0,
                    1.0
                ]
            ]
        },
        {
            "file_path": "./train/r_0",
            "transform_matrix": [
                [
                    0.5495472966837678,
                    -0.2161855979151895,
                    0.8070077793687089,
                    1.606686501907806
                ],
                [
                    0.8354626076058478,
                    0.14220170936998475,
                    -0.5308303920695305,
                    -1.0568399060635039
                ],
                [
                    -0.0,
                    0.9659412306689814,
                    0.25876154832913945,
                    0.5151730845003959
                ],
                [
                    0.0,
                    0.0,
                    0.0,
                    1.0
                ]
            ]
        },
        {
            "file_path": "./train/r_0",
            "transform_matrix": [
                [
                    -0.024985934370109233,
                    -0.13056400026885906,
                    0.9911249895535102,
                    2.0563061785274854
                ],
                [
                    0.9996878028082831,
                    -0.0032632823293956533,
                    0.024771917664687563,
                    0.05139477652643834
                ],
                [
                    0.0,
                    0.9914345126241229,
                    0.1306047747127492,
                    0.2709682512475051
                ],
                [
                    0.0,
                    0.0,
                    0.0,
                    1.0
                ]
            ]
        },
        {
            "file_path": "./train/r_0",
            "transform_matrix": [
                [
                    -0.7147782075734141,
                    -0.005481783344845567,
                    0.6993297248290663,
                    1.4159325591873644
                ],
                [
                    0.6993512093205655,
                    -0.0056027060814568125,
                    0.7147562491552121,
                    1.4471666356079322
                ],
                [
                    0.0,
                    0.9999692793960847,
                    0.007838384021915449,
                    0.015870372378003622
                ],
                [
                    0.0,
                    0.0,
                    0.0,
                    1.0
                ]
            ]
        },
        {
            "file_path": "./train/r_0",
            "transform_matrix": [
                [
                    -0.7880402828590426,
                    0.2611849071831876,
                    0.5574719336891765,
                    1.1433858795246483
                ],
                [
                    0.6156236777378205,
                    0.3343344896860962,
                    0.7136020854894537,
                    1.4636118858010656
                ],
                [
                    0.0,
                    0.9055401113512573,
                    -0.4242606589514901,
                    -0.8701669400157187
                ],
                [
                    0.0,
                    0.0,
                    0.0,
                    1.0
                ]
            ]
        },
        {
            "file_path": "./train/r_0",
            "transform_matrix": [
                [
                    0.495272761434335,
                    -0.1373763828315916,
                    -0.8578068670868264,
                    -1.6515501669566401
                ],
                [
                    -0.8687375275543289,
                    -0.07831914510750515,
                    -0.4890411227375682,
                    -0.9415592004396269
                ],
                [
                    0.0,
                    0.9874177641453173,
                    -0.15813335843604429,
                    -0.30445684751090746
                ],
                [
                    0.0,
                    0.0,
                    0.0,
                    1.0
                ]
            ]
        },
        {
            "file_path": "./train/r_0",
            "transform_matrix": [
                [
                    -0.9716460085313892,
                    0.13867174634873014,
                    -0.1915050413686619,
                    -0.39442915508233706
                ],
                [
                    -0.23644033941994635,
                    -0.5698682769884997,
                    0.786985459063342,
                    1.6208973270989566
                ],
                [
                    0.0,
                    0.8099507970529766,
                    0.5864978314991864,
                    1.2079673855191908
                ],
                [
                    0.0,
                    0.0,
                    0.0,
                    1.0
                ]
            ]
        },
        {
            "file_path": "./train/r_0",
            "transform_matrix": [
                [
                    -0.4073902339920462,
                    0.11317473745224722,
                    0.9062144757454058,
                    1.8702151826227593
                ],
                [
                    0.9132541799783376,
                    0.05048570680919636,
                    0.4042499179468934,
                    0.8342774854665718
                ],
                [
                    0.0,
                    0.9922916265950201,
                    -0.12392468595646802,
                    -0.2557516298632343
                ],
                [
                    0.0,
                    0.0,
                    0.0,
                    1.0
                ]
            ]
        },
        {
            "file_path": "./train/r_0",
            "transform_matrix": [
                [
                    0.975575623316489,
                    -0.1509934374395947,
                    0.15954054356438457,
                    0.3152161116912428
                ],
                [
                    0.21966384133635672,
                    0.6705951965087995,
                    -0.7085547820942856,
                    -1.399944354845837
                ],
                [
                    -0.0,
                    0.7262940618437548,
                    0.6873841253116777,
                    1.3581159144765689
                ],
                [
                    0.0,
                    0.0,
                    0.0,
                    1.0
                ]
            ]
        },
        {
            "file_path": "./train/r_0",
            "transform_matrix": [
                [
                    -0.4302972244069072,
                    0.34892686603211526,
                    0.8325228770602752,
                    1.5918152269212418
                ],
                [
                    0.9026872651520635,
                    0.16632810472775145,
                    0.39685093285761897,
                    0.7587939925102151
                ],
                [
                    0.0,
                    0.9222716539819927,
                    -0.38654236024182337,
                    -0.7390836117990088
                ],
                [
                    0.0,
                    0.0,
                    0.0,
                    1.0
                ]
            ]
        },
        {
            "file_path": "./train/r_0",
            "transform_matrix": [
                [
                    0.9819088096368712,
                    -0.15864716257776962,
                    0.10337392013233113,
                    0.19844719185896809
                ],
                [
                    0.18935440200191503,
                    0.8226745452552484,
                    -0.5360517727156282,
                    -1.0290600264579455
                ],
                [
                    -0.0,
                    0.5459282648801884,
                    0.8378319220493493,
                    1.6083881888938272
                ],
                [
                    0.0,
                    0.0,
                    0.0,
                    1.0
                ]
            ]
        },
        {
            "file_path": "./train/r_0",
            "transform_matrix": [
                [
                    0.766179730041117,
                    0.035636115155520905,
                    -0.641637505582976,
                    -1.2296178495667671
                ],
                [
                    -0.6426263465452698,
                    0.042487627898162676,
                    -0.7650007713731183,
                    -1.4660280847486815
                ],
                [
                    0.0,
                    0.9984612505111101,
                    0.055453865760560626,
                    0.10627038253431219
                ],
                [
                    0.0,
                    0.0,
                    0.0,
                    1.0
                ]
            ]
        },
        {
            "file_path": "./train/r_0",
            "transform_matrix": [
                [
                    0.10984639270017983,
                    -0.024212337726481414,
                    0.9936536281383853,
                    1.9987361190015986
                ],
                [
                    0.9939485751339241,
                    0.0026758305455934664,
                    -0.10981379658373253,
                    -0.22089065583931278
                ],
                [
                    -0.0,
                    0.9997032572882366,
                    0.024359748916807946,
                    0.048999680201492986
                ],
                [
                    0.0,
                    0.0,
                    0.0,
                    1.0
                ]
            ]
        },
        {
            "file_path": "./train/r_0",
            "transform_matrix": [
                [
                    -0.982196473548004,
                    0.12198745606632862,
                    -0.14286058908016067,
                    -0.2909492226515028
                ],
                [
                    -0.1878565605717963,
                    -0.6378039116693403,
                    0.7469378039096852,
                    1.5212101169105663
                ],
                [
                    0.0,
                    0.7604769758656432,
                    0.6493648967862722,
                    1.3224935803052533
                ],
                [
                    0.0,
                    0.0,
                    0.0,
                    1.0
                ]
            ]
        },
        {
            "file_path": "./train/r_0",
            "transform_matrix": [
                [
                    -0.49047254518934846,
                    0.7602933423048622,
                    -0.4258998897186804,
                    -0.8813244641119907
                ],
                [
                    -0.8714566440250958,
                    -0.42790770286449686,
                    0.23970464203629208,
                    0.4960263439545232
                ],
                [
                    0.0,
                    0.48872183445814155,
                    0.8724396646896958,
                    1.8053595187840363
                ],
                [
                    0.0,
                    0.0,
                    0.0,
                    1.0
                ]
            ]
        },
        {
            "file_path": "./train/r_0",
            "transform_matrix": [
                [
                    -0.40223853367398255,
                    0.46876997181114016,
                    0.7864215635115731,
                    1.524940048087047
                ],
                [
                    0.9155349048658956,
                    0.20595320297408692,
                    0.34551283066900734,
                    0.6699795339568332
                ],
                [
                    0.0,
                    0.8589749657079055,
                    -0.5120175859158576,
                    -0.9928467863997619
                ],
                [
                    0.0,
                    0.0,
                    0.0,
                    1.0
                ]
            ]
        },
        {
            "file_path": "./train/r_0",
            "transform_matrix": [
                [
                    0.25030308516157607,
                    0.414614177546582,
                    0.8748962506125901,
                    1.6650031740064695
                ],
                [
                    0.9681675296964863,
                    -0.10719137402198664,
                    -0.22618939802007026,
                    -0.4304579718639042
                ],
                [
                    -0.0,
                    0.9036620458515727,
                    -0.42824631567282634,
                    -0.8149897480444998
                ],
                [
                    0.0,
                    0.0,
                    0.0,
                    1.0
                ]
            ]
        },
        {
            "file_path": "./train/r_0",
            "transform_matrix": [
                [
                    0.8623381379911759,
                    -0.49062083251643746,
                    0.12515643997329748,
                    0.25182565178671545
                ],
                [
                    0.506332831017219,
                    0.8355789497630213,
                    -0.21315459870013326,
                    -0.42888560716850976
                ],
                [
                    -0.0,
                    0.24718215431904558,
                    0.9689690307673386,
                    1.9496500362761005
                ],
                [
                    0.0,
                    0.0,
                    0.0,
                    1.0
                ]
            ]
        },
        {
            "file_path": "./train/r_0",
            "transform_matrix": [
                [
                    0.4259628120852039,
                    -0.6353999976223269,
                    0.6440671748676624,
                    1.3098105506939592
                ],
                [
                    0.9047406715299501,
                    0.2991539767173809,
                    -0.3032345882212507,
                    -0.6166745930952646
                ],
                [
                    -0.0,
                    0.7118804262203896,
                    0.70230068970796,
                    1.4282374401833784
                ],
                [
                    0.0,
                    0.0,
                    0.0,
                    1.0
                ]
            ]
        },
        {
            "file_path": "./train/r_0",
            "transform_matrix": [
                [
                    0.9295706303176452,
                    -0.2667957258322016,
                    0.25439827815558136,
                    0.5084187775846827
                ],
                [
                    0.3686440603764773,
                    0.6727504866743764,
                    -0.6414891576858753,
                    -1.2820257108227013
                ],
                [
                    -0.0,
                    0.6900918948640524,
                    0.7237217536062749,
                    1.4463687881366758
                ],
                [
                    0.0,
                    0.0,
                    0.0,
                    1.0
                ]
            ]
        },
        {
            "file_path": "./train/r_0",
            "transform_matrix": [
                [
                    -0.7243287746718761,
                    0.08850058195946887,
                    -0.6837510315715611,
                    -1.3185363532408487
                ],
                [
                    -0.6894547310609586,
                    -0.09297712409603043,
                    0.7183365702875587,
                    1.3852306439809263
                ],
                [
                    0.0,
                    0.9917272313432091,
                    0.1283631513025966,
                    0.24753378582846822
                ],
                [
                    0.0,
                    0.0,
                    0.0,
                    1.0
                ]
            ]
        },
        {
            "file_path": "./train/r_0",
            "transform_matrix": [
                [
                    0.7415735682255759,
                    0.28169800795460054,
                    0.6088635932814485,
                    1.2720222364887677
                ],
                [
                    0.6708715547026772,
                    -0.3113856824850948,
                    -0.6730306930847244,
                    -1.4060784991745727
                ],
                [
                    -0.0,
                    0.9075710380227554,
                    -0.4198985722079778,
                    -0.8772413506279954
                ],
                [
                    0.0,
                    0.0,
                    0.0,
                    1.0
                ]
            ]
        },
        {
            "file_path": "./train/r_0",
            "transform_matrix": [
                [
                    0.4295195934984977,
                    0.007838623416640602,
                    0.9030235184001674,
                    1.803517438982278
                ],
                [
                    0.9030575390310882,
                    -0.0037282700137973948,
                    -0.4295034123284924,
                    -0.8578036767073068
                ],
                [
                    -0.0,
                    0.9999623272832014,
                    -0.008680092992801817,
                    -0.017335870844471957
                ],
                [
                    0.0,
                    0.0,
                    0.0,
                    1.0
                ]
            ]
        },
        {
            "file_path": "./train/r_0",
            "transform_matrix": [
                [
                    -0.9647999136405975,
                    0.05832728382928552,
                    0.25643528345411765,
                    0.523269485507405
                ],
                [
                    0.26298503120728317,
                    0.21398236296205903,
                    0.9407711845619412,
                    1.9196923570542856
                ],
                [
                    0.0,
                    0.975094598642753,
                    -0.22178936786448625,
                    -0.45257269924100524
                ],
                [
                    0.0,
                    0.0,
                    0.0,
                    1.0
                ]
            ]
        },
        {
            "file_path": "./train/r_0",
            "transform_matrix": [
                [
                    -0.47186918527348476,
                    -0.6358981466255267,
                    0.6107151701960234,
                    1.2754326787725871
                ],
                [
                    0.8816685726446972,
                    -0.34033280721919007,
                    0.3268548735157055,
                    0.6826118086508373
                ],
                [
                    0.0,
                    0.6926811152677153,
                    0.7212439757470935,
                    1.5062637722597318
                ],
                [
                    0.0,
                    0.0,
                    0.0,
                    1.0
                ]
            ]
        },
        {
            "file_path": "./train/r_0",
            "transform_matrix": [
                [
                    0.41776958846118545,
                    -0.019775711325312653,
                    -0.908337763278919,
                    -1.8169128981408451
                ],
                [
                    -0.9085530094369683,
                    -0.009093240235947108,
                    -0.4176706142704315,
                    -0.8354503764139263
                ],
                [
                    0.0,
                    0.9997630890483952,
                    -0.02176616126951986,
                    -0.04353801058633381
                ],
                [
                    0.0,
                    0.0,
                    0.0,
                    1.0
                ]
            ]
        },
        {
            "file_path": "./train/r_0",
            "transform_matrix": [
                [
                    0.2248241805248742,
                    -0.7647733637560158,
                    0.6038011178696405,
                    1.184131904868406
                ],
                [
                    0.974399347214128,
                    0.17645695810992104,
                    -0.1393156634527317,
                    -0.27321599291557663
                ],
                [
                    -0.0,
                    0.6196649449693781,
                    0.7848664574155897,
                    1.5392243998585844
                ],
                [
                    0.0,
                    0.0,
                    0.0,
                    1.0
                ]
            ]
        },
        {
            "file_path": "./train/r_0",
            "transform_matrix": [
                [
                    -0.13466717267278297,
                    -0.5069940675698458,
                    0.8513646504602488,
                    1.720517412258369
                ],
                [
                    0.990890888344584,
                    -0.06890310370657289,
                    0.11570483868569371,
                    0.23382717327253735
                ],
                [
                    0.0,
                    0.8591911182900951,
                    0.5116547881642622,
                    1.0339999101748978
                ],
                [
                    0.0,
                    0.0,
                    0.0,
                    1.0
                ]
            ]
        },
        {
            "file_path": "./train/r_0",
            "transform_matrix": [
                [
                    -0.7233347973287689,
                    -0.037620888818530866,
                    -0.6894718556241817,
                    -1.312006926702985
                ],
                [
                    -0.6904974807871124,
                    0.039409988806708006,
                    0.7222603975083408,
                    1.3744007629670667
                ],
                [
                    0.0,
                    0.998514657632405,
                    -0.05448374522039679,
                    -0.10367798270339454
                ],
                [
                    0.0,
                    0.0,
                    0.0,
                    1.0
                ]
            ]
        },
        {
            "file_path": "./train/r_0",
            "transform_matrix": [
                [
                    -0.34131436785501024,
                    -0.5821648088817923,
                    0.7379624906425536,
                    1.485906597986673
                ],
                [
                    0.939949201976221,
                    -0.21139569384511117,
                    0.2679689503058317,
                    0.5395624254131134
                ],
                [
                    0.0,
                    0.7851089070462584,
                    0.6193577351390952,
                    1.2470928493343068
                ],
                [
                    0.0,
                    0.0,
                    0.0,
                    1.0
                ]
            ]
        },
        {
            "file_path": "./train/r_0",
            "transform_matrix": [
                [
                    -0.675571516150407,
                    -0.4715214986567898,
                    0.5668073772197177,
                    1.105539419827767
                ],
                [
                    0.7372944639465566,
                    -0.4320478578395642,
                    0.5193568349121859,
                    1.012988674863051
                ],
                [
                    0.0,
                    0.7687666257328676,
                    0.6395294169616448,
                    1.2473814015241638
                ],
                [
                    0.0,
                    0.0,
                    0.0,
                    1.0
                ]
            ]
        },
        {
            "file_path": "./train/r_0",
            "transform_matrix": [
                [
                    0.615462801450594,
                    0.312295424440689,
                    0.7236553792406967,
                    1.424115908380643
                ],
                [
                    0.7881659343251182,
                    -0.24386516650335682,
                    -0.5650878166583522,
                    -1.1120632450485433
                ],
                [
                    -0.0,
                    0.9181510488147907,
                    -0.3962305535421265,
                    -0.77976098965489
                ],
                [
                    0.0,
                    0.0,
                    0.0,
                    1.0
                ]
            ]
        },
        {
            "file_path": "./train/r_0",
            "transform_matrix": [
                [
                    0.753109245394361,
                    0.05243899461892739,
                    0.6558022692434757,
                    1.3443769396237746
                ],
                [
                    0.6578954814417987,
                    -0.06002821539395705,
                    -0.7507130935684289,
                    -1.5389415660779389
                ],
                [
                    -0.0,
                    0.9968183210595464,
                    -0.07970718160885629,
                    -0.16339756951583112
                ],
                [
                    0.0,
                    0.0,
                    0.0,
                    1.0
                ]
            ]
        }
    ]
}