{
    "camera_angle_x": 0.8569566627292158,
    "frames": [
        {
            "file_path": "./train/r_0",
            "transform_matrix": [
                [
                    -1.0,
                    0.0,
                    0.0,
                    0.0
                ],
                [
                    0.0,
                    -0.17364817766693044,
                    0.9848077530122081,
                    1.9696155060244163
                ],
                [
                    0.0,
                    0.9848077530122081,
                    0.17364817766693044,
                    0.3472963553338609
                ],
                [
                    0.0,
                    0.0,
                    0.0,
                    1.0
                ]
            ]
        },
        {
            "file_path": "./train/r_0",
            "transform_matrix": [
                [
                    0.24375248704706576,
                    0.7721632401162484,
                    -0.586812283163489,
                    -1.1611770458977726
                ],
                [
                    -0.9698374735275856,
                    0.19407036263514993,
                    -0.14748548839899922,
                    -0.2918424999706884
                ],
                [
                    0.0,
                    0.6050624967388395,
                    0.7961779794996605,
                    1.5754673526264642
                ],
                [
                    0.0,
                    0.0,
                    0.0,
                    1.0
                ]
            ]
        },
        {
            "file_path": "./train/r_0",
            "transform_matrix": [
                [
                    -0.8377398693914032,
                    -0.39190012097116295,
                    0.38027122743492264,
                    0.7836195350477599
                ],
                [
                    0.5460695113555368,
                    -0.6012244766089857,
                    0.5833842794369563,
                    1.202171725928947
                ],
                [
                    0.0,
                    0.696378793408472,
                    0.7176744220682251,
                    1.478901521764529
                ],
                [
                    0.0,
                    0.0,
                    0.0,
                    1.0
                ]
            ]
        },
        {
            "file_path": "./train/r_0",
            "transform_matrix": [
                [
                    -0.9998548114475717,
                    0.0030382045422283135,
                    0.016766792725514658,
                    0.03336521625263668
                ],
                [
                    0.017039836417665166,
                    0.1782742131585021,
                    0.9838332932451392,
                    1.9577871047284743
                ],
                [
                    0.0,
                    0.9839761553187539,
                    -0.1783001002919613,
                    -0.3548097421789707
                ],
                [
                    0.0,
                    0.0,
                    0.0,
                    1.0
                ]
            ]
        },
        {
            "file_path": "./train/r_0",
            "transform_matrix": [
                [
                    -0.9554170377185515,
                    -0.0707636173695044,
                    -0.2866544862615803,
                    -0.5639868208015502
                ],
                [
                    -0.29525968915025996,
                    0.2289806843595717,
                    0.9275718636057878,
                    1.8249786118561526
                ],
                [
                    0.0,
                    0.9708554767044397,
                    -0.23966569081325642,
                    -0.4715373297651128
                ],
                [
                    0.0,
                    0.0,
                    0.0,
                    1.0
                ]
            ]
        },
        {
            "file_path": "./train/r_0",
            "transform_matrix": [
                [
                    0.6155847034666422,
                    0.24622005051287787,
                    -0.7486195025400567,
                    -1.4349112276250866
                ],
                [
                    -0.7880707283346375,
                    0.19232956044796895,
                    -0.5847682167491705,
                    -1.1208504145626201
                ],
                [
                    0.0,
                    0.9499394859165119,
                    0.3124339499745075,
                    0.5988556017957698
                ],
                [
                    0.0,
                    0.0,
                    0.0,
                    1.0
                ]
            ]
        },
        {
            "file_path": "./train/r_0",
            "transform_matrix": [
                [
                    0.4466222661712548,
                    -0.3917137836739428,
                    0.804418338328942,
                    1.537530772484661
                ],
                [
                    0.8947226114053745,
                    0.19553333684076166,
                    -0.4015447208267896,
                    -0.7674953881365766
                ],
                [
                    -0.0,
                    0.8990700895168078,
                    0.4378047214640783,
                    0.8368012009627223
                ],
                [
                    0.0,
                    0.0,
                    0.0,
                    1.0
                ]
            ]
        },
        {
            "file_path": "./train/r_0",
            "transform_matrix": [
                [
                    0.6900954274074851,
                    -0.3171139710254521,
                    -0.6505436422345154,
                    -1.239425903624692
                ],
                [
                    -0.723718385196397,
                    -0.30238129339813224,
                    -0.6203202820572549,
                    -1.1818438859608074
                ],
                [
                    0.0,
                    0.8988905844335792,
                    -0.4381731589413694,
                    -0.8348143432769353
                ],
                [
                    0.0,
                    0.0,
                    0.0,
                    1.0
                ]
            ]
        },
        {
            "file_path": "./train/r_0",
            "transform_matrix": [
                [
                    -0.4551164057917972,
                    0.019332239645821585,
                    -0.8902220631333693,
                    -1.7930369115524325
                ],
                [
                    -0.8904319497744655,
                    -0.009881068874202602,
                    0.4550091288081449,
                    0.9164546654513687
                ],
                [
                    0.0,
                    0.9997642867137132,
                    0.02171108039274442,
                    0.04372927850928908
                ],
                [
                    0.0,
                    0.0,
                    0.0,
                    1.0
                ]
            ]
        },
        {
            "file_path": "./train/r_0",
            "transform_matrix": [
                [
                    -0.363556971158522,
                    -0.6217070021037091,
                    0.6937627348433039,
                    1.4067661108862275
                ],
                [
                    0.9315719664749695,
                    -0.24262850618846143,
                    0.2707491075935692,
                    0.5490071028409294
                ],
                [
                    0.0,
                    0.7447226406656202,
                    0.6673740993476039,
                    1.3532569841150055
                ],
                [
                    0.0,
                    0.0,
                    0.0,
                    1.0
                ]
            ]
        },
        {
            "file_path": "./train/r_0",
            "transform_matrix": [
                [
                    0.8440287619476955,
                    0.34766577708967866,
                    -0.40834293975244657,
                    -0.7873745266197621
                ],
                [
                    -0.5362979106849478,
                    0.5471584161754611,
                    -0.6426524866545843,
                    -1.239174596155448
                ],
                [
                    0.0,
                    0.7614106481058635,
                    0.6482698704636898,
                    1.2500061411313872
                ],
                [
                    0.0,
                    0.0,
                    0.0,
                    1.0
                ]
            ]
        },
        {
            "file_path": "./train/r_0",
            "transform_matrix": [
                [
                    0.7302250465731824,
                    0.5542772142626352,
                    -0.39943478955449846,
                    -0.7661643817923801
                ],
                [
                    -0.6832066900705772,
                    0.5924226306355037,
                    -0.4269239339199853,
                    -0.8188918953929729
                ],
                [
                    0.0,
                    0.584647070000494,
                    0.8112877439847329,
                    1.5561483102637708
                ],
                [
                    0.0,
                    0.0,
                    0.0,
                    1.0
                ]
            ]
        },
        {
            "file_path": "./train/r_0",
            "transform_matrix": [
                [
                    0.6893962075727267,
                    -0.20543968166585508,
                    -0.6946419265933882,
                    -1.4171272777145958
                ],
                [
                    -0.7243844759410171,
                    -0.19551680375453115,
                    -0.6610902438134073,
                    -1.348679055601205
                ],
                [
                    0.0,
                    0.9589409349103022,
                    -0.28360585916612463,
                    -0.5785795296218227
                ],
                [
                    0.0,
                    0.0,
                    0.0,
                    1.0
                ]
            ]
        },
        {
            "file_path": "./train/r_0",
            "transform_matrix": [
                [
                    0.6243014410212153,
                    -0.13303871770233647,
                    0.7697716611638493,
                    1.5068559826288173
                ],
                [
                    0.7811835320453407,
                    0.10632106254943767,
                    -0.6151813723768987,
                    -1.2042398780521255
                ],
                [
                    -0.0,
                    0.9853915624006919,
                    0.17030404795401488,
                    0.33337635882491756
                ],
                [
                    0.0,
                    0.0,
                    0.0,
                    1.0
                ]
            ]
        },
        {
            "file_path": "./train/r_0",
            "transform_matrix": [
                [
                    -0.06184244465038408,
                    0.15636261874974178,
                    -0.9857617579807948,
                    -1.8971410377472933
                ],
                [
                    -0.9980859241767035,
                    -0.009688390910227928,
                    0.06107882646143777,
                    0.11754883700783252
                ],
                [
                    0.0,
                    0.9876521991770654,
                    0.1566624826201426,
                    0.30150370761272227
                ],
                [
                    0.0,
                    0.0,
                    0.0,
                    1.0
                ]
            ]
        },
        {
            "file_path": "./train/r_0",
            "transform_matrix": [
                [
                    0.5999653044316929,
                    -0.6727773793323721,
                    0.4329113435067874,
                    0.892561541662415
                ],
                [
                    0.8000260205006998,
                    0.504537446111167,
                    -0.3246541729185616,
                    -0.6693606749595009
                ],
                [
                    -0.0,
                    0.5411215790654509,
                    0.8409443719234425,
                    1.7338298390985705
                ],
                [
                    0.0,
                    0.0,
                    0.0,
                    1.0
                ]
            ]
        },
        {
            "file_path": "./train/r_0",
            "transform_matrix": [
                [
                    0.7124810385963369,
                    0.0828686389179222,
                    -0.6967808538734228,
                    -1.4352096807678871
                ],
                [
                    -0.7016913635215165,
                    0.08414288245902798,
                    -0.7074950216720972,
                    -1.4572784234156615
                ],
                [
                    0.0,
                    0.9930018952728021,
                    0.11809841652038683,
                    0.2432558095291866
                ],
                [
                    0.0,
                    0.0,
                    0.0,
                    1.0
                ]
            ]
        },
        {
            "file_path": "./train/r_0",
            "transform_matrix": [
                [
                    -0.6546768143731141,
                    -0.23064885231189225,
                    -0.7198606640520637,
                    -1.4701461089426917
                ],
                [
                    -0.7559089023964932,
                    0.1997601237287201,
                    0.6234561927237674,
                    1.2732626487322285
                ],
                [
                    0.0,
                    0.9523113985955924,
                    -0.305127842231591,
                    -0.6231518575578252
                ],
                [
                    0.0,
                    0.0,
                    0.0,
                    1.0
                ]
            ]
        },
        {
            "file_path": "./train/r_0",
            "transform_matrix": [
                [
                    -0.6365710835586763,
                    -0.3172219590307538,
                    -0.7029562463522346,
                    -1.4091130216574574
                ],
                [
                    -0.771218033747223,
                    0.26183817980454493,
                    0.5802271210652861,
                    1.1630959907599
                ],
                [
                    0.0,
                    0.9114883412887592,
                    -0.41132590934035074,
                    -0.8245245675022523
                ],
                [
                    0.0,
                    0.0,
                    0.0,
                    1.0
                ]
            ]
        },
        {
            "file_path": "./train/r_0",
            "transform_matrix": [
                [
                    -0.036637530857567095,
                    0.48125609263478264,
                    -0.8758140582535555,
                    -1.7907448265903196
                ],
                [
                    -0.9993286202909735,
                    -0.01764388068778128,
                    0.03210922206492272,
                    0.06565254662988469
                ],
                [
                    0.0,
                    0.87640245708018,
                    0.4815794152824881,
                    0.9846677366987854
                ],
                [
                    0.0,
                    0.0,
                    0.0,
                    1.0
                ]
            ]
        },
        {
            "file_path": "./train/r_0",
            "transform_matrix": [
                [
                    0.5415597326275816,
                    -0.4788366876288756,
                    0.6909619979253191,
                    1.4414647196905752
                ],
                [
                    0.8406622722570236,
                    0.30846949730282025,
                    -0.44512190828738485,
                    -0.9286003118610843
                ],
                [
                    -0.0,
                    0.8219257848579469,
                    0.569594596345197,
                    1.1882715947089424
                ],
                [
                    0.0,
                    0.0,
                    0.0,
                    1.0
                ]
            ]
        },
        {
            "file_path": "./train/r_0",
            "transform_matrix": [
                [
                    -0.5937073877435516,
                    -0.7290578899479232,
                    0.3405673660869607,
                    0.6980980664960043
                ],
                [
                    0.804681016141631,
                    -0.5379113545268754,
                    0.2512764153921617,
                    0.5150686683718374
                ],
                [
                    0.0,
                    0.4232327583915784,
                    0.9060209888431149,
                    1.857170015387427
                ],
                [
                    0.0,
                    0.0,
                    0.0,
                    1.0
                ]
            ]
        },
        {
            "file_path": "./train/r_0",
            "transform_matrix": [
                [
                    -0.7451524451239434,
                    0.4402005140833005,
                    -0.5009703992518983,
                    -1.0026676333752045
                ],
                [
                    -0.666894169659481,
                    -0.4918568857506655,
                    0.5597579569902049,
                    1.1203280410108611
                ],
                [
                    0.0,
                    0.7511992487619078,
                    0.6600755173914158,
                    1.3211087079398065
                ],
                [
                    0.0,
                    0.0,
                    0.0,
                    1.0
                ]
            ]
        },
        {
            "file_path": "./train/r_0",
            "transform_matrix": [
                [
                    -0.8082840656772756,
                    -0.24802904461699846,
                    0.5340023054244172,
                    1.0530546057961712
                ],
                [
                    0.5887927217384854,
                    -0.34048981447518806,
                    0.7330687669423916,
                    1.4456144356539096
                ],
                [
                    0.0,
                    0.9069444741906921,
                    0.4212501878159451,
                    0.8307069950185267
                ],
                [
                    0.0,
                    0.0,
                    0.0,
                    1.0
                ]
            ]
        },
        {
            "file_path": "./train/r_0",
            "transform_matrix": [
                [
                    -0.02604351581246563,
                    0.4690947327132726,
                    -0.8827637662618404,
                    -1.6981806910508188
                ],
                [
                    -0.9996608101171747,
                    -0.012221021335757335,
                    0.022998072818936618,
                    0.04424160198359864
                ],
                [
                    0.0,
                    0.8830632923965158,
                    0.46925389888825186,
                    0.9027079958965797
                ],
                [
                    0.0,
                    0.0,
                    0.0,
                    1.0
                ]
            ]
        },
        {
            "file_path": "./train/r_0",
            "transform_matrix": [
                [
                    0.2866596321600381,
                    0.9324709116830605,
                    -0.21982778294572716,
                    -0.4567004585108698
                ],
                [
                    -0.9580324917714804,
                    0.27901117220851107,
                    -0.06577621525263466,
                    -0.1366525525684096
                ],
                [
                    0.0,
                    0.22945754432529486,
                    0.9733186710179793,
                    2.0221060203334127
                ],
                [
                    0.0,
                    0.0,
                    0.0,
                    1.0
                ]
            ]
        },
        {
            "file_path": "./train/r_0",
            "transform_matrix": [
                [
                    0.8607100750295704,
                    -0.3519941645604335,
                    0.36780195059025156,
                    0.7154873137903848
                ],
                [
                    0.509095439718911,
                    0.5951043756276012,
                    -0.6218300534440995,
                    -1.2096496874441598
                ],
                [
                    -0.0,
                    0.7224616877207299,
                    0.6914109557822429,
                    1.3450058290446467
                ],
                [
                    0.0,
                    0.0,
                    0.0,
                    1.0
                ]
            ]
        },
        {
            "file_path": "./train/r_0",
            "transform_matrix": [
                [
                    0.6613112066779687,
                    -0.19609886451908717,
                    -0.7240253609207717,
                    -1.4925612088000018
                ],
                [
                    -0.7501116503042257,
                    -0.17288409888141487,
                    -0.6383130896604207,
                    -1.3158673827182075
                ],
                [
                    0.0,
                    0.9652234579040679,
                    -0.261426234933899,
                    -0.5389240188061196
                ],
                [
                    0.0,
                    0.0,
                    0.0,
                    1.0
                ]
            ]
        },
        {
            "file_path": "./train/r_0",
            "transform_matrix": [
                [
                    -0.9820919562663942,
                    0.03189786487883044,
                    0.1856822976296303,
                    0.3683830694549767
                ],
                [
                    0.18840220125265716,
                    0.16627532115487886,
                    0.9679138020185449,
                    1.9202856810111422
                ],
                [
                    0.0,
                    0.9855633129287097,
                    -0.16930728339024942,
                    -0.3358959767979033
                ],
                [
                    0.0,
                    0.0,
                    0.0,
                    1.0
                ]
            ]
        },
        {
            "file_path": "./train/r_0",
            "transform_matrix": [
                [
                    -0.676995440884311,
                    0.22843430982033094,
                    -0.6996391492181999,
                    -1.3956056230956735
                ],
                [
                    -0.7359872098221935,
                    -0.21012455682114334,
                    0.6435607955732393,
                    1.2837432926810466
                ],
                [
                    0.0,
                    0.9506131898504393,
                    0.31037809729807425,
                    0.6191269004299744
                ],
                [
                    0.0,
                    0.0,
                    0.0,
                    1.0
                ]
            ]
        },
        {
            "file_path": "./train/r_0",
            "transform_matrix": [
                [
                    0.6726314202205244,
                    -0.07389516039523365,
                    -0.7362788043956467,
                    -1.4581898135553655
                ],
                [
                    -0.7399776838068297,
                    -0.06716987251340498,
                    -0.6692691802962486,
                    -1.3254781957706852
                ],
                [
                    0.0,
                    0.9950013635652444,
                    -0.09986133637852232,
                    -0.197773971769719
                ],
                [
                    0.0,
                    0.0,
                    0.0,
                    1.0
                ]
            ]
        },
        {
            "file_path": "./train/r_0",
            "transform_matrix": [
                [
                    -0.5782494625131088,
                    -0.15578520621013064,
                    -0.8008486302850045,
                    -1.6489191267716004
                ],
                [
                    -0.8158600119526025,
                    0.11041442212973081,
                    0.5676099860665393,
                    1.1686889721452063
                ],
                [
                    0.0,
                    0.9816005424365988,
                    -0.1909460004508482,
                    -0.3931510905024491
                ],
                [
                    0.0,
                    0.0,
                    0.0,
                    1.0
                ]
            ]
        },
        {
            "file_path": "./train/r_0",
            "transform_matrix": [
                [
                    0.9725653253898625,
                    0.1917787358688955,
                    -0.13167233694986688,
                    -0.26908941604602665
                ],
                [
                    -0.23262993756030384,
                    0.8017770653651946,
                    -0.5504878287528852,
                    -1.124992931780032
                ],
                [
                    0.0,
                    0.5660163018172756,
                    0.8243940478176045,
                    1.6847556446387173
                ],
                [
                    0.0,
                    0.0,
                    0.0,
                    1.0
                ]
            ]
        }
    ]
}