{
    "camera_angle_x": 0.8569566627292158,
    "frames": [
        {
            "file_path": "./train/r_0",
            "transform_matrix": [
                [
                    -1.0,
                    0.0,
                    0.0,
                    0.0
                ],
                [
                    0.0,
                    -6.123233995736766e-17,
                    1.0,
                    2.0
                ],
                [
                    0.0,
                    1.0,
                    6.123233995736766e-17,
                    1.2246467991473532e-16
                ],
                [
                    0.0,
                    0.0,
                    0.0,
                    1.0
                ]
            ]
        },
        {
            "file_path": "./train/r_0",
            "transform_matrix": [
                [
                    -0.955769891588205,
                    0.07456772108615316,
                    -0.2845058335175018,
                    -0.5478788592454144
                ],
                [
                    -0.2941154778883131,
                    -0.24231836831639272,
                    0.924541991497958,
                    1.7804099317184106
                ],
                [
                    0.0,
                    0.9673269681697594,
                    0.2535321215378858,
                    0.48823213152746014
                ],
                [
                    0.0,
                    0.0,
                    0.0,
                    1.0
                ]
            ]
        },
        {
            "file_path": "./train/r_0",
            "transform_matrix": [
                [
                    -0.05194885849524066,
                    0.028848491426759503,
                    -0.9982329791403617,
                    -2.033512693721099
                ],
                [
                    -0.9986497464582071,
                    -0.0015006724872709013,
                    0.051927178635513084,
                    0.10578149501269007
                ],
                [
                    0.0,
                    0.9995826691797364,
                    0.028887496871724077,
                    0.058847075588573175
                ],
                [
                    0.0,
                    0.0,
                    0.0,
                    1.0
                ]
            ]
        },
        {
            "file_path": "./train/r_0",
            "transform_matrix": [
                [
                    -0.5264914932580995,
                    -0.26105065501069713,
                    -0.809110167434165,
                    -1.6123571840198805
                ],
                [
                    -0.8501803970492713,
                    0.16166092472798063,
                    0.5010579186972676,
                    0.9984849620460663
                ],
                [
                    0.0,
                    0.9516923352295006,
                    -0.3070532511884866,
                    -0.6118814660312627
                ],
                [
                    0.0,
                    0.0,
                    0.0,
                    1.0
                ]
            ]
        },
        {
            "file_path": "./train/r_0",
            "transform_matrix": [
                [
                    0.2641363425243899,
                    -0.13581836734778263,
                    -0.9548745276992266,
                    -1.8237355736499656
                ],
                [
                    -0.9644853511369875,
                    -0.03719555383250398,
                    -0.2615042986592288,
                    -0.499452732576654
                ],
                [
                    0.0,
                    0.9900352831420082,
                    -0.14081952326976516,
                    -0.26895426215871804
                ],
                [
                    0.0,
                    0.0,
                    0.0,
                    1.0
                ]
            ]
        },
        {
            "file_path": "./train/r_0",
            "transform_matrix": [
                [
                    0.42111125451070963,
                    0.5510264131010106,
                    -0.7204409784218626,
                    -1.4818755295250186
                ],
                [
                    -0.9070089918652496,
                    0.25583365343744774,
                    -0.33449040411412634,
                    -0.6880135355479616
                ],
                [
                    0.0,
                    0.7943041192351217,
                    0.6075203421829738,
                    1.2496089974527398
                ],
                [
                    0.0,
                    0.0,
                    0.0,
                    1.0
                ]
            ]
        },
        {
            "file_path": "./train/r_0",
            "transform_matrix": [
                [
                    -0.8121898568422095,
                    0.13156272693032706,
                    0.5683650986164505,
                    1.1063429916714485
                ],
                [
                    0.5833932091159711,
                    0.18315933521617633,
                    0.7912679833536406,
                    1.5402314287916115
                ],
                [
                    0.0,
                    0.9742401689551836,
                    -0.22551295571247224,
                    -0.43896903362107
                ],
                [
                    0.0,
                    0.0,
                    0.0,
                    1.0
                ]
            ]
        },
        {
            "file_path": "./train/r_0",
            "transform_matrix": [
                [
                    -0.40715642562272464,
                    -0.10090590914500203,
                    0.907767394531081,
                    1.8283719007737762
                ],
                [
                    0.9133584428219441,
                    -0.044981780827201154,
                    0.4046640511825667,
                    0.8150506229822001
                ],
                [
                    0.0,
                    0.9938785825709467,
                    0.11047788514795964,
                    0.22251808346320356
                ],
                [
                    0.0,
                    0.0,
                    0.0,
                    1.0
                ]
            ]
        },
        {
            "file_path": "./train/r_0",
            "transform_matrix": [
                [
                    0.7594139372675637,
                    0.4122409096083541,
                    -0.5033367702930649,
                    -0.9672130590958425
                ],
                [
                    -0.65060777115231,
                    0.4811831431308756,
                    -0.5875136686775164,
                    -1.1289675745551855
                ],
                [
                    0.0,
                    0.773640882588277,
                    0.633624324649892,
                    1.2175739137940016
                ],
                [
                    0.0,
                    0.0,
                    0.0,
                    1.0
                ]
            ]
        },
        {
            "file_path": "./train/r_0",
            "transform_matrix": [
                [
                    -0.9995655582558363,
                    0.01785833414692788,
                    -0.0234472738329027,
                    -0.048443959011335753
                ],
                [
                    -0.029473628020629798,
                    -0.6056456887017398,
                    0.7951884084971919,
                    1.6429233923762454
                ],
                [
                    0.0,
                    0.7955340216851144,
                    0.6059089208301095,
                    1.2518567034478456
                ],
                [
                    0.0,
                    0.0,
                    0.0,
                    1.0
                ]
            ]
        },
        {
            "file_path": "./train/r_0",
            "transform_matrix": [
                [
                    0.8675886686634693,
                    0.24603768533328813,
                    -0.43215200960146755,
                    -0.8296865319120246
                ],
                [
                    -0.4972825172944943,
                    0.42925198541202036,
                    -0.7539581095877209,
                    -1.447520491059769
                ],
                [
                    0.0,
                    0.8690271517137289,
                    0.49476439805661393,
                    0.9498957506079787
                ],
                [
                    0.0,
                    0.0,
                    0.0,
                    1.0
                ]
            ]
        },
        {
            "file_path": "./train/r_0",
            "transform_matrix": [
                [
                    0.3279589213424344,
                    0.48013399585762057,
                    0.8135811526416411,
                    1.597593616407863
                ],
                [
                    0.9446919846764378,
                    -0.16668314110363758,
                    -0.28244253319908796,
                    -0.554620011262333
                ],
                [
                    -0.0,
                    0.8612131423135734,
                    -0.5082439606196819,
                    -0.9980163680383353
                ],
                [
                    0.0,
                    0.0,
                    0.0,
                    1.0
                ]
            ]
        },
        {
            "file_path": "./train/r_0",
            "transform_matrix": [
                [
                    -0.9500946873607925,
                    0.1162119317280129,
                    0.2895079825718829,
                    0.5652034257096292
                ],
                [
                    0.311961672403515,
                    0.3539291801202567,
                    0.881710865539608,
                    1.7213549597536666
                ],
                [
                    0.0,
                    0.92802420355476,
                    -0.37251990230933085,
                    -0.7272667339249348
                ],
                [
                    0.0,
                    0.0,
                    0.0,
                    1.0
                ]
            ]
        },
        {
            "file_path": "./train/r_0",
            "transform_matrix": [
                [
                    -0.7084739363113595,
                    -0.6123859405629288,
                    0.350782185078354,
                    0.7143307728884642
                ],
                [
                    0.7057369776109848,
                    -0.6147608692986806,
                    0.35214257341543204,
                    0.7171010596749392
                ],
                [
                    0.0,
                    0.4970437942274177,
                    0.8677254557865711,
                    1.7670310005867667
                ],
                [
                    0.0,
                    0.0,
                    0.0,
                    1.0
                ]
            ]
        },
        {
            "file_path": "./train/r_0",
            "transform_matrix": [
                [
                    -0.1125682155020487,
                    -0.8292079960436344,
                    0.5474874392677739,
                    1.048211851097685
                ],
                [
                    0.9936439990553378,
                    -0.09393954422650658,
                    0.06202390806642138,
                    0.11875011337898113
                ],
                [
                    0.0,
                    0.5509895292360975,
                    0.8345121560961133,
                    1.5977453895105578
                ],
                [
                    0.0,
                    0.0,
                    0.0,
                    1.0
                ]
            ]
        },
        {
            "file_path": "./train/r_0",
            "transform_matrix": [
                [
                    0.9106556594099335,
                    -0.21089708733173257,
                    0.35528676944075843,
                    0.7409878560213302
                ],
                [
                    0.4131661529998059,
                    0.46483630069233545,
                    -0.7830842506231406,
                    -1.6332044136252717
                ],
                [
                    -0.0,
                    0.859912572366317,
                    0.5104413461763689,
                    1.0645790140826974
                ],
                [
                    0.0,
                    0.0,
                    0.0,
                    1.0
                ]
            ]
        },
        {
            "file_path": "./train/r_0",
            "transform_matrix": [
                [
                    -0.9944942213452971,
                    -0.08021862488056086,
                    0.06742563261166523,
                    0.1362505636921494
                ],
                [
                    0.10479142956755287,
                    -0.7612927814536239,
                    0.6398844092457585,
                    1.2930484754913356
                ],
                [
                    0.0,
                    0.643426975754729,
                    0.7655074962866945,
                    1.5469017321697789
                ],
                [
                    0.0,
                    0.0,
                    0.0,
                    1.0
                ]
            ]
        },
        {
            "file_path": "./train/r_0",
            "transform_matrix": [
                [
                    0.925222156193061,
                    0.28441042200267874,
                    -0.2511467171709025,
                    -0.49953981999586394
                ],
                [
                    -0.3794258316054181,
                    0.6935290166610238,
                    -0.6124161504726425,
                    -1.218117668492097
                ],
                [
                    0.0,
                    0.6619125432452928,
                    0.74958107306318,
                    1.4909436146660102
                ],
                [
                    0.0,
                    0.0,
                    0.0,
                    1.0
                ]
            ]
        },
        {
            "file_path": "./train/r_0",
            "transform_matrix": [
                [
                    0.895741512683012,
                    0.06620331581121502,
                    -0.4396183156238488,
                    -0.8664330593843449
                ],
                [
                    -0.44457523824022116,
                    0.13338812679739545,
                    -0.8857541787500258,
                    -1.7457113948216485
                ],
                [
                    0.0,
                    0.9888502053420843,
                    0.14891363737051597,
                    0.29349027059505817
                ],
                [
                    0.0,
                    0.0,
                    0.0,
                    1.0
                ]
            ]
        },
        {
            "file_path": "./train/r_0",
            "transform_matrix": [
                [
                    -0.998978338360778,
                    -0.03470945637694283,
                    0.028940164546117766,
                    0.05750848424922241
                ],
                [
                    0.04519158645079048,
                    -0.76726660380912,
                    0.639734069120349,
                    1.2712483572466016
                ],
                [
                    0.0,
                    0.6403883293106113,
                    0.7680512923514706,
                    1.5262340882133878
                ],
                [
                    0.0,
                    0.0,
                    0.0,
                    1.0
                ]
            ]
        },
        {
            "file_path": "./train/r_0",
            "transform_matrix": [
                [
                    -0.8613364025661152,
                    0.4187609442649037,
                    -0.2876436565836786,
                    -0.5707921429518732
                ],
                [
                    -0.5080350397506681,
                    -0.7099786767569063,
                    0.48767886660798565,
                    0.9677364995620337
                ],
                [
                    0.0,
                    0.5661886170781595,
                    0.8242757123020921,
                    1.6356700015431151
                ],
                [
                    0.0,
                    0.0,
                    0.0,
                    1.0
                ]
            ]
        },
        {
            "file_path": "./train/r_0",
            "transform_matrix": [
                [
                    0.9952611215262288,
                    0.05543740298640876,
                    -0.07988738529001645,
                    -0.16621836927369
                ],
                [
                    -0.09723836680216826,
                    0.5674168919661902,
                    -0.8176691083397218,
                    -1.7012902012038393
                ],
                [
                    0.0,
                    0.8215623926772401,
                    0.5701186147973495,
                    1.1862221563538038
                ],
                [
                    0.0,
                    0.0,
                    0.0,
                    1.0
                ]
            ]
        },
        {
            "file_path": "./train/r_0",
            "transform_matrix": [
                [
                    -0.1304776921175123,
                    -0.5102489293731777,
                    0.8500715275394264,
                    1.617021766874055
                ],
                [
                    0.9914512453266109,
                    -0.0671501528934101,
                    0.11187173506611929,
                    0.21280448155169188
                ],
                [
                    0.0,
                    0.8574012404002678,
                    0.5146485334284772,
                    0.9789739497010267
                ],
                [
                    0.0,
                    0.0,
                    0.0,
                    1.0
                ]
            ]
        },
        {
            "file_path": "./train/r_0",
            "transform_matrix": [
                [
                    -0.9447555366012648,
                    -0.19727134438627894,
                    0.2617651480722489,
                    0.5372119286535315
                ],
                [
                    0.3277758015187458,
                    -0.5685996158293369,
                    0.754491551190253,
                    1.5484179783010652
                ],
                [
                    0.0,
                    0.7986103515249228,
                    0.6018484081870112,
                    1.2351535202461856
                ],
                [
                    0.0,
                    0.0,
                    0.0,
                    1.0
                ]
            ]
        },
        {
            "file_path": "./train/r_0",
            "transform_matrix": [
                [
                    0.7351653611932385,
                    -0.41884053282328393,
                    0.5330145399198064,
                    1.0435026089359327
                ],
                [
                    0.6778878164575723,
                    0.4542301013823722,
                    -0.578051142457607,
                    -1.1316724593360292
                ],
                [
                    -0.0,
                    0.786287239539386,
                    0.617861130787115,
                    1.2096099705525163
                ],
                [
                    0.0,
                    0.0,
                    0.0,
                    1.0
                ]
            ]
        },
        {
            "file_path": "./train/r_0",
            "transform_matrix": [
                [
                    0.3050507185916117,
                    -0.7784748654137891,
                    0.5485626153920119,
                    1.044897095423065
                ],
                [
                    0.9523361061551439,
                    0.24935977494199713,
                    -0.17571466516524797,
                    -0.33469970082302775
                ],
                [
                    -0.0,
                    0.5760178700004538,
                    0.8174371006017163,
                    1.5570467766918534
                ],
                [
                    0.0,
                    0.0,
                    0.0,
                    1.0
                ]
            ]
        },
        {
            "file_path": "./train/r_0",
            "transform_matrix": [
                [
                    -0.7993059798867584,
                    0.056495327668142754,
                    -0.598262675142732,
                    -1.1843257136128085
                ],
                [
                    -0.6009242469041075,
                    -0.07514599963881018,
                    0.795765749590302,
                    1.5753044246447758
                ],
                [
                    0.0,
                    0.9955708697475801,
                    0.09401405910844864,
                    0.186111004863685
                ],
                [
                    0.0,
                    0.0,
                    0.0,
                    1.0
                ]
            ]
        },
        {
            "file_path": "./train/r_0",
            "transform_matrix": [
                [
                    -0.6827065265950791,
                    -0.3263531942357144,
                    0.6537624883370325,
                    1.3055963342259802
                ],
                [
                    0.7306926840638837,
                    -0.30492087924120276,
                    0.6108285020022308,
                    1.219855019647026
                ],
                [
                    0.0,
                    0.8947160722904881,
                    0.4466353658019952,
                    0.8919531278248369
                ],
                [
                    0.0,
                    0.0,
                    0.0,
                    1.0
                ]
            ]
        },
        {
            "file_path": "./train/r_0",
            "transform_matrix": [
                [
                    0.994201753260932,
                    -0.08026575098805776,
                    0.07155615299338008,
                    0.14574758389825526
                ],
                [
                    0.10753080401861091,
                    0.7421161878908757,
                    -0.6615895176447595,
                    -1.3475441271703978
                ],
                [
                    -0.0,
                    0.6654479490453311,
                    0.7464442558633313,
                    1.5203786432855937
                ],
                [
                    0.0,
                    0.0,
                    0.0,
                    1.0
                ]
            ]
        },
        {
            "file_path": "./train/r_0",
            "transform_matrix": [
                [
                    -0.8641761202908922,
                    0.18799402086053582,
                    0.46675248391376545,
                    0.88756139438473
                ],
                [
                    0.5031894604609495,
                    0.3228603862972817,
                    0.8015993624255128,
                    1.5242953650435112
                ],
                [
                    0.0,
                    0.927587957597908,
                    -0.3736048459527011,
                    -0.7104348652677672
                ],
                [
                    0.0,
                    0.0,
                    0.0,
                    1.0
                ]
            ]
        },
        {
            "file_path": "./train/r_0",
            "transform_matrix": [
                [
                    0.6045086892984795,
                    0.12587855937919842,
                    -0.7865900030201579,
                    -1.536085946341221
                ],
                [
                    -0.7965985466736898,
                    0.09552450636376904,
                    -0.5969135817866131,
                    -1.1656778762024513
                ],
                [
                    0.0,
                    0.9874359001841974,
                    0.15802007159669346,
                    0.3085882229465531
                ],
                [
                    0.0,
                    0.0,
                    0.0,
                    1.0
                ]
            ]
        },
        {
            "file_path": "./train/r_0",
            "transform_matrix": [
                [
                    -0.9076205386607017,
                    0.33970392899617896,
                    -0.24662967872058045,
                    -0.5129120641436707
                ],
                [
                    -0.4197915647095088,
                    -0.7344651225520084,
                    0.5332316813106718,
                    1.1089539740175394
                ],
                [
                    0.0,
                    0.5875050845560594,
                    0.809220474049426,
                    1.6829237496686382
                ],
                [
                    0.0,
                    0.0,
                    0.0,
                    1.0
                ]
            ]
        },
        {
            "file_path": "./train/r_0",
            "transform_matrix": [
                [
                    0.9856123376948754,
                    0.07247255656121754,
                    0.1526959342259115,
                    0.30450148984438435
                ],
                [
                    0.1690216547772585,
                    -0.4226076592680267,
                    -0.8904125148179112,
                    -1.7756329840256455
                ],
                [
                    -0.0,
                    0.9034104797230774,
                    -0.42877675441483465,
                    -0.8550532873834774
                ],
                [
                    0.0,
                    0.0,
                    0.0,
                    1.0
                ]
            ]
        }
    ]
}