{
    "camera_angle_x": 0.8569566627292158,
    "frames": [
        {
            "file_path": "./train/r_0",
            "transform_matrix": [
                [
                    -1.0,
                    0.0,
                    0.0,
                    0.0
                ],
                [
                    0.0,
                    -0.3420201433256688,
                    0.9396926207859084,
                    1.8793852415718166
                ],
                [
                    0.0,
                    0.9396926207859084,
                    0.3420201433256688,
                    0.6840402866513375
                ],
                [
                    0.0,
                    0.0,
                    0.0,
                    1.0
                ]
            ]
        },
        {
            "file_path": "./train/r_0",
            "transform_matrix": [
                [
                    -0.7189122971516837,
                    -0.21024102667682976,
                    0.6625434474100259,
                    1.2944629647208252
                ],
                [
                    0.6951007905362281,
                    -0.21744308379676708,
                    0.6852396634060691,
                    1.3388063374626893
                ],
                [
                    0.0,
                    0.9531616945780106,
                    0.30246121071829246,
                    0.5909421292595617
                ],
                [
                    0.0,
                    0.0,
                    0.0,
                    1.0
                ]
            ]
        },
        {
            "file_path": "./train/r_0",
            "transform_matrix": [
                [
                    -0.700377726125646,
                    -0.16991070443597692,
                    0.6932542053714061,
                    1.3573250391866716
                ],
                [
                    0.7137724012225953,
                    -0.16672215486819397,
                    0.680244575376413,
                    1.3318534352556175
                ],
                [
                    0.0,
                    0.9712538677370486,
                    0.2380460552200434,
                    0.4660712747594171
                ],
                [
                    0.0,
                    0.0,
                    0.0,
                    1.0
                ]
            ]
        },
        {
            "file_path": "./train/r_0",
            "transform_matrix": [
                [
                    0.761162500863833,
                    0.09754246051005294,
                    -0.6411841511425249,
                    -1.3001154322199264
                ],
                [
                    -0.6485612132086805,
                    0.11447749521578982,
                    -0.7525046550091257,
                    -1.525837644382489
                ],
                [
                    0.0,
                    0.988625496073596,
                    0.15039823307883776,
                    0.3049592904877371
                ],
                [
                    0.0,
                    0.0,
                    0.0,
                    1.0
                ]
            ]
        },
        {
            "file_path": "./train/r_0",
            "transform_matrix": [
                [
                    -0.13102242562504224,
                    -0.18749436368143876,
                    0.9734880520946432,
                    1.9103065231900362
                ],
                [
                    0.9913794046596541,
                    -0.024779581061601295,
                    0.12865787336607604,
                    0.2524694311575158
                ],
                [
                    0.0,
                    0.9819530721730566,
                    0.1891247314602088,
                    0.3711254672593313
                ],
                [
                    0.0,
                    0.0,
                    0.0,
                    1.0
                ]
            ]
        },
        {
            "file_path": "./train/r_0",
            "transform_matrix": [
                [
                    -0.772141832781766,
                    0.17219596476381224,
                    -0.6116743739829841,
                    -1.2546661327348954
                ],
                [
                    -0.6354502262714331,
                    -0.20923701390509933,
                    0.7432515603371862,
                    1.524557183563449
                ],
                [
                    0.0,
                    0.9625842413685864,
                    0.27098261617465946,
                    0.555839390263066
                ],
                [
                    0.0,
                    0.0,
                    0.0,
                    1.0
                ]
            ]
        },
        {
            "file_path": "./train/r_0",
            "transform_matrix": [
                [
                    0.5647214729933223,
                    0.06830890375145363,
                    -0.8224497258851309,
                    -1.7064870014887097
                ],
                [
                    -0.8252815628258348,
                    0.046742234993102406,
                    -0.5627837111427421,
                    -1.1677103870161663
                ],
                [
                    0.0,
                    0.996568641457338,
                    0.08277042263922398,
                    0.1717389475564006
                ],
                [
                    0.0,
                    0.0,
                    0.0,
                    1.0
                ]
            ]
        },
        {
            "file_path": "./train/r_0",
            "transform_matrix": [
                [
                    0.7287089109990067,
                    0.3375004970621447,
                    -0.5958831576017625,
                    -1.2012724724313801
                ],
                [
                    -0.684823570732376,
                    0.3591284386031892,
                    -0.6340689564675073,
                    -1.2782532503406583
                ],
                [
                    0.0,
                    0.8701265304938361,
                    0.49282838892535336,
                    0.9935188966095758
                ],
                [
                    0.0,
                    0.0,
                    0.0,
                    1.0
                ]
            ]
        },
        {
            "file_path": "./train/r_0",
            "transform_matrix": [
                [
                    -0.8569013099354683,
                    -0.13471875832050284,
                    -0.4975650723146275,
                    -0.9912853902407538
                ],
                [
                    -0.5154804991761363,
                    0.22394771608668235,
                    0.8271198676302487,
                    1.6478484652179792
                ],
                [
                    0.0,
                    0.9652451898953658,
                    -0.2613459840591765,
                    -0.5206725114180376
                ],
                [
                    0.0,
                    0.0,
                    0.0,
                    1.0
                ]
            ]
        },
        {
            "file_path": "./train/r_0",
            "transform_matrix": [
                [
                    0.5539539674424351,
                    -0.31408096867992535,
                    0.771030574664757,
                    1.5050049540470494
                ],
                [
                    0.8325472971277882,
                    0.20898079820647422,
                    -0.5130224400805479,
                    -1.0013887117177405
                ],
                [
                    -0.0,
                    0.9261102370096472,
                    0.37725300383951266,
                    0.7363750003746111
                ],
                [
                    0.0,
                    0.0,
                    0.0,
                    1.0
                ]
            ]
        },
        {
            "file_path": "./train/r_0",
            "transform_matrix": [
                [
                    -0.4108565386178897,
                    0.1878754239850286,
                    -0.8921321257175824,
                    -1.818092300785459
                ],
                [
                    -0.9117000080481115,
                    -0.08466583932045321,
                    0.4020382954113161,
                    0.8193211615603387
                ],
                [
                    0.0,
                    0.9785369286412287,
                    0.20607153924157276,
                    0.41995694147294416
                ],
                [
                    0.0,
                    0.0,
                    0.0,
                    1.0
                ]
            ]
        },
        {
            "file_path": "./train/r_0",
            "transform_matrix": [
                [
                    0.7026588614291005,
                    -0.5141432576363917,
                    0.49186099162486857,
                    1.0225844257332555
                ],
                [
                    0.7115268965086,
                    0.5077352912376787,
                    -0.48573073773092595,
                    -1.0098395602845285
                ],
                [
                    -0.0,
                    0.6912753320196149,
                    0.7225914581152834,
                    1.5022756100165056
                ],
                [
                    0.0,
                    0.0,
                    0.0,
                    1.0
                ]
            ]
        },
        {
            "file_path": "./train/r_0",
            "transform_matrix": [
                [
                    -0.739182628694464,
                    0.3024114749911421,
                    0.6017942681930628,
                    1.2146360481696208
                ],
                [
                    0.6735050418789321,
                    0.3319014634362681,
                    0.6604788998389892,
                    1.3330826217548486
                ],
                [
                    0.0,
                    0.8935260031820818,
                    -0.449011449338939,
                    -0.9062656812028601
                ],
                [
                    0.0,
                    0.0,
                    0.0,
                    1.0
                ]
            ]
        },
        {
            "file_path": "./train/r_0",
            "transform_matrix": [
                [
                    0.586353122348751,
                    -0.2450704321561594,
                    0.772094877068009,
                    1.4956987930326895
                ],
                [
                    0.8100555634719576,
                    0.17739253894414655,
                    -0.55887554179359,
                    -1.0826512364522956
                ],
                [
                    -0.0,
                    0.9531381696321592,
                    0.3025353361018466,
                    0.5860701197443807
                ],
                [
                    0.0,
                    0.0,
                    0.0,
                    1.0
                ]
            ]
        },
        {
            "file_path": "./train/r_0",
            "transform_matrix": [
                [
                    0.5932683038097525,
                    0.41523569097595614,
                    -0.6896463156099797,
                    -1.3887227316455502
                ],
                [
                    -0.8050047948271485,
                    0.30601826926940445,
                    -0.5082520036149971,
                    -1.023453754262802
                ],
                [
                    0.0,
                    0.8566983948934881,
                    0.5158176617632644,
                    1.0386885220162774
                ],
                [
                    0.0,
                    0.0,
                    0.0,
                    1.0
                ]
            ]
        },
        {
            "file_path": "./train/r_0",
            "transform_matrix": [
                [
                    -0.6427952717327896,
                    0.43346174813519917,
                    -0.6316052181082313,
                    -1.2517126049229899
                ],
                [
                    -0.7660380138334972,
                    -0.36372498119773017,
                    0.5299904710603217,
                    1.0503329201463292
                ],
                [
                    0.0,
                    0.824508975667511,
                    0.5658488747392822,
                    1.1213969560195738
                ],
                [
                    0.0,
                    0.0,
                    0.0,
                    1.0
                ]
            ]
        },
        {
            "file_path": "./train/r_0",
            "transform_matrix": [
                [
                    0.8119232244395918,
                    0.575493726190811,
                    -0.09791653961733025,
                    -0.18926574411466754
                ],
                [
                    -0.5837642311889417,
                    0.800420267034768,
                    -0.13618633743652328,
                    -0.2632385559570244
                ],
                [
                    0.0,
                    0.16773302368647264,
                    0.9858324567415059,
                    1.9055443975733426
                ],
                [
                    0.0,
                    0.0,
                    0.0,
                    1.0
                ]
            ]
        },
        {
            "file_path": "./train/r_0",
            "transform_matrix": [
                [
                    -0.7384182325788341,
                    -0.2978511856778965,
                    -0.6049984999860926,
                    -1.25343875212569
                ],
                [
                    -0.6743430238351628,
                    0.3261526231100221,
                    0.6624846810631179,
                    1.3725388938207759
                ],
                [
                    0.0,
                    0.8971672851975394,
                    -0.4416909127107743,
                    -0.9150973208465422
                ],
                [
                    0.0,
                    0.0,
                    0.0,
                    1.0
                ]
            ]
        },
        {
            "file_path": "./train/r_0",
            "transform_matrix": [
                [
                    0.9609489980446249,
                    0.04390543233704716,
                    -0.2732203070204128,
                    -0.5381385356331866
                ],
                [
                    -0.2767255375946204,
                    0.15246471857905514,
                    -0.9487768370020306,
                    -1.868724119649033
                ],
                [
                    0.0,
                    0.9873331872270407,
                    0.15866057292249233,
                    0.31250008209987645
                ],
                [
                    0.0,
                    0.0,
                    0.0,
                    1.0
                ]
            ]
        },
        {
            "file_path": "./train/r_0",
            "transform_matrix": [
                [
                    0.5109174581820752,
                    -0.3892958466448236,
                    0.7664281406040996,
                    1.472845947102678
                ],
                [
                    0.8596297754991783,
                    0.23137640193199935,
                    -0.45552344583372917,
                    -0.8753799938473522
                ],
                [
                    -0.0,
                    0.8915793315314637,
                    0.45286454441246354,
                    0.8702703795540019
                ],
                [
                    0.0,
                    0.0,
                    0.0,
                    1.0
                ]
            ]
        },
        {
            "file_path": "./train/r_0",
            "transform_matrix": [
                [
                    -0.9174372396112388,
                    0.11050379326748683,
                    -0.3822274493649128,
                    -0.7490168015299328
                ],
                [
                    -0.3978805239949682,
                    -0.25480084836516453,
                    0.881344209885038,
                    1.7270910873404575
                ],
                [
                    0.0,
                    0.9606588569028492,
                    0.27773109414343766,
                    0.5442446798793994
                ],
                [
                    0.0,
                    0.0,
                    0.0,
                    1.0
                ]
            ]
        },
        {
            "file_path": "./train/r_0",
            "transform_matrix": [
                [
                    -0.7034031796772012,
                    -0.5272308719513934,
                    0.47670910887183227,
                    0.9422219959861527
                ],
                [
                    0.7107910852142161,
                    -0.5217508765502117,
                    0.4717542326244491,
                    0.9324286161224402
                ],
                [
                    0.0,
                    0.6706740120807271,
                    0.741752229197554,
                    1.4660833051327369
                ],
                [
                    0.0,
                    0.0,
                    0.0,
                    1.0
                ]
            ]
        },
        {
            "file_path": "./train/r_0",
            "transform_matrix": [
                [
                    0.6719704551020409,
                    0.18839095000697872,
                    -0.7162154406499655,
                    -1.3659126690260153
                ],
                [
                    -0.7405779550256382,
                    0.17093832128572176,
                    -0.6498648958407149,
                    -1.2393738587631595
                ],
                [
                    0.0,
                    0.9671033762072634,
                    0.25438368605025086,
                    0.4851415926669339
                ],
                [
                    0.0,
                    0.0,
                    0.0,
                    1.0
                ]
            ]
        },
        {
            "file_path": "./train/r_0",
            "transform_matrix": [
                [
                    -0.236211174415747,
                    -0.654356504448547,
                    0.7183466058714362,
                    1.3866837169957373
                ],
                [
                    0.9717017449202886,
                    -0.1590676554924307,
                    0.17462302223649614,
                    0.337089226243621
                ],
                [
                    0.0,
                    0.7392665595453513,
                    0.6734129148880201,
                    1.2999445062554937
                ],
                [
                    0.0,
                    0.0,
                    0.0,
                    1.0
                ]
            ]
        },
        {
            "file_path": "./train/r_0",
            "transform_matrix": [
                [
                    0.7854124921150337,
                    -0.2233461110709271,
                    0.5772726668560926,
                    1.132085767999206
                ],
                [
                    0.6189727112156497,
                    0.28340316547380423,
                    -0.7324994392965606,
                    -1.4365000075462737
                ],
                [
                    -0.0,
                    0.9326302378053807,
                    0.36083353437711324,
                    0.7076283571676799
                ],
                [
                    0.0,
                    0.0,
                    0.0,
                    1.0
                ]
            ]
        },
        {
            "file_path": "./train/r_0",
            "transform_matrix": [
                [
                    -0.9634151547555665,
                    0.018337465434688095,
                    -0.2673854464041367,
                    -0.5548927450413759
                ],
                [
                    -0.2680135063523998,
                    -0.06591679777643675,
                    0.9611574981154715,
                    1.9946460427030326
                ],
                [
                    0.0,
                    0.9976566108297644,
                    0.06841993033954387,
                    0.14198874124310548
                ],
                [
                    0.0,
                    0.0,
                    0.0,
                    1.0
                ]
            ]
        },
        {
            "file_path": "./train/r_0",
            "transform_matrix": [
                [
                    0.5720586719874211,
                    -0.2549092243211247,
                    -0.7795961538899424,
                    -1.6150844733915186
                ],
                [
                    -0.8202127015622156,
                    -0.1777868497582942,
                    -0.5437305952850489,
                    -1.126443271649059
                ],
                [
                    0.0,
                    0.9504804697672774,
                    -0.3107842927031155,
                    -0.6438498743410007
                ],
                [
                    0.0,
                    0.0,
                    0.0,
                    1.0
                ]
            ]
        },
        {
            "file_path": "./train/r_0",
            "transform_matrix": [
                [
                    -0.9526989285863425,
                    -0.1672216642906766,
                    0.25377483417843316,
                    0.5051131112950044
                ],
                [
                    0.30391569796645085,
                    -0.5241976688671707,
                    0.7955199887393084,
                    1.5834019866877245
                ],
                [
                    0.0,
                    0.835017196796617,
                    0.5502238463152245,
                    1.0951648528142615
                ],
                [
                    0.0,
                    0.0,
                    0.0,
                    1.0
                ]
            ]
        },
        {
            "file_path": "./train/r_0",
            "transform_matrix": [
                [
                    0.5729216669931633,
                    0.6467731182053601,
                    -0.5034335080789619,
                    -0.9654795876694375
                ],
                [
                    -0.8196101289575275,
                    0.4521056047951589,
                    -0.351908736212997,
                    -0.6748869435264266
                ],
                [
                    0.0,
                    0.6142353422587462,
                    0.789122895574752,
                    1.51337174743745
                ],
                [
                    0.0,
                    0.0,
                    0.0,
                    1.0
                ]
            ]
        },
        {
            "file_path": "./train/r_0",
            "transform_matrix": [
                [
                    0.17670705724189564,
                    0.549267306376626,
                    -0.8167496813998002,
                    -1.7137486593372546
                ],
                [
                    -0.984263489072367,
                    0.09861120566452311,
                    -0.1466329233033281,
                    -0.30767318487972967
                ],
                [
                    0.0,
                    0.8298079634850192,
                    0.5580490513716918,
                    1.1709289093245767
                ],
                [
                    0.0,
                    0.0,
                    0.0,
                    1.0
                ]
            ]
        },
        {
            "file_path": "./train/r_0",
            "transform_matrix": [
                [
                    0.30150913174813865,
                    0.6901901152621622,
                    -0.6578220490884193,
                    -1.310165593923448
                ],
                [
                    -0.9534632890009366,
                    0.21825551627886308,
                    -0.20801991765540953,
                    -0.4143073941358168
                ],
                [
                    0.0,
                    0.6899290792597816,
                    0.7238769685462785,
                    1.4417253111798074
                ],
                [
                    0.0,
                    0.0,
                    0.0,
                    1.0
                ]
            ]
        },
        {
            "file_path": "./train/r_0",
            "transform_matrix": [
                [
                    0.7666450188283938,
                    0.2702079884853864,
                    -0.5824457554693768,
                    -1.152469260334028
                ],
                [
                    -0.6420711916178857,
                    0.3226333950569835,
                    -0.6954511322072836,
                    -1.3760698647164065
                ],
                [
                    0.0,
                    0.9071357866122831,
                    0.42083805037961375,
                    0.8327005769843022
                ],
                [
                    0.0,
                    0.0,
                    0.0,
                    1.0
                ]
            ]
        },
        {
            "file_path": "./train/r_0",
            "transform_matrix": [
                [
                    -0.7487142462428691,
                    0.1708117305196877,
                    0.6405078689523196,
                    1.321495064425335
                ],
                [
                    0.6628928853691012,
                    0.19292585406808055,
                    0.7234311559223374,
                    1.4925822903107078
                ],
                [
                    0.0,
                    0.9662313219664178,
                    -0.2576762163084298,
                    -0.5316372593960023
                ],
                [
                    0.0,
                    0.0,
                    0.0,
                    1.0
                ]
            ]
        }
    ]
}